-> Cluster 1
78.468080	92.307929	24.858135
90.700718	88.049096	31.899550
86.447518	93.671410	7.216808
93.588932	78.568717	3.291335
80.300969	93.950982	20.250906
75.683850	88.950592	23.873689
81.805156	84.964582	4.352384
65.666574	85.060468	6.324363
80.083380	60.387304	20.712651
88.773137	81.449334	10.481458
91.052848	63.906368	15.837189
90.058323	61.920916	28.240030
81.918972	59.945355	16.355643
67.274919	86.728963	20.008516
64.922030	65.869132	9.994473
73.256398	59.584136	23.263249
72.049326	71.698171	18.973628
77.834832	76.241469	5.691713
77.990861	97.036040	27.100968
89.665087	73.135742	38.203418
77.008255	97.896782	19.069156
90.919986	89.943495	24.589055
95.127468	69.752575	0.787552
65.907567	84.038327	34.333441
84.071595	56.508690	22.098595
67.532337	71.166180	9.904583
82.633285	74.400099	2.143790
91.229262	86.852707	13.020373
75.662954	71.853085	17.799152
83.588435	71.218945	3.819957
96.415577	85.643436	31.165902
76.331078	92.021539	6.421519
75.746534	86.007297	10.886530
59.844429	79.444382	9.834973
69.490756	89.903725	29.416767
77.559744	63.251498	6.401752
76.999956	97.222201	7.278524
70.827919	74.484690	36.761855
76.499067	71.996456	39.924618
66.300651	76.062250	22.870964
79.328969	56.097777	27.095133
69.692249	84.932627	15.465974
62.582669	74.478560	13.169595
81.123190	73.834429	25.694247
69.687343	85.971646	19.403297
75.720563	80.394453	33.240193
94.380759	70.142141	14.207384
74.922380	75.776597	35.877349
78.996736	55.972925	19.128412
90.519843	78.470221	12.082246
85.859147	84.838770	26.421694
69.439189	74.556947	38.868141
62.719212	93.242238	22.481365
65.415853	85.470830	0.991713
95.438815	95.620318	7.603059
76.198346	95.886904	24.599314
75.565542	68.818363	4.009416
71.575238	91.741001	29.985321
76.115037	97.811710	13.346621
67.109871	90.975500	32.512115
91.295565	65.161237	28.880471
65.550908	85.799435	28.353450
62.361263	97.232900	18.446669
85.806070	71.533000	2.155693
68.400711	70.500132	9.329438
96.402776	78.659234	1.545263
57.692041	92.379467	18.303766
77.088650	74.862191	43.353626
82.644460	69.631539	9.877072
94.474810	78.596907	33.322903
87.836576	89.629668	38.099976
84.336829	67.077433	28.132751
95.878489	81.859521	20.802316
79.395845	82.701600	22.108170
95.674656	82.113419	31.501364
86.337698	63.396123	6.599827
93.427353	83.104064	23.746923
75.607232	84.479035	29.256961
96.380735	70.818455	25.773318
93.562624	96.111541	27.405959
81.357915	79.640844	3.015191
84.752691	68.644417	9.670384
84.067364	82.757709	21.719245
58.747168	76.231638	26.700174
88.822841	58.773426	9.639898
68.263230	81.542380	1.378250
92.229496	85.050823	6.916793
89.427760	85.557986	19.929296
73.589031	93.409294	12.054512
78.627988	55.496933	16.830701
70.784864	72.726442	4.103788
73.647523	77.672619	40.984192
85.469037	61.315991	10.191019
78.849602	53.722089	14.636514
89.351777	78.646537	15.831737
88.768599	76.008372	1.335101
93.280544	92.047761	34.447131
84.400755	78.084327	26.376517
77.888862	80.948732	12.996904
76.942323	80.118056	37.961745
86.466513	96.196111	20.813957
72.579411	82.420634	19.450897
57.286832	76.884972	28.072769
74.211282	77.595999	14.288712
83.781710	68.655959	28.711426
75.753612	94.837841	8.430114
59.582709	68.640169	20.915344
94.064097	82.316527	4.591233
65.745688	79.072082	37.269907
66.082729	77.676915	6.454347
87.119036	92.004914	35.432741
90.101379	83.591355	15.406945
67.716500	92.612490	22.282313
79.860247	81.078119	26.373145
72.047951	66.543637	3.894763
75.311475	94.953858	14.484964
91.042236	73.624894	26.506330
95.989568	72.778191	24.090063
69.272745	64.740651	30.304639
71.058547	81.541750	9.080860
73.958926	90.871327	30.987376
72.652951	77.370948	27.777776
78.608900	75.178783	14.140690
55.119306	76.795047	22.679703
92.687985	66.598394	9.088794
70.370129	95.184338	18.621194
62.509158	73.787929	22.173103
52.808581	81.365904	19.510485
85.975265	87.186240	12.059702
83.378726	69.240775	25.971970
72.944866	57.157527	18.334394
97.430791	81.260788	23.626554
70.982106	77.689957	22.016152
72.011829	86.177490	9.994455
79.396462	70.731453	12.196480
84.120953	65.842970	15.059121
92.475300	72.680511	13.019297
77.013671	83.139515	41.539813
58.445186	87.237507	21.416393
66.571183	92.695126	6.924892
81.131626	82.811126	34.428837
77.940952	69.335254	12.953255
79.587463	61.050296	2.455174
67.687702	73.305605	1.030990
66.422168	83.192740	28.857813
86.956682	69.186006	3.253925
78.980371	88.419392	3.867577
61.636392	88.186711	14.950913
80.599268	77.788823	8.573871
91.795153	84.014838	6.451594
89.654545	90.906304	9.255542
65.543207	86.144033	17.224145
58.462600	76.134160	6.341075
93.193985	78.782441	4.258276
96.025891	94.401262	20.338977
86.579740	62.619950	10.086545
65.210714	76.505847	37.184396
84.134284	70.273617	28.751569
80.029651	80.547819	7.482274
87.310025	66.480597	27.579968
74.956759	75.556185	23.162908
80.612536	67.761748	15.960328
57.220958	92.374515	13.157707
64.506019	87.227067	12.369925
85.051852	75.513503	3.557738
77.042616	72.709019	18.066756
94.686438	78.256995	4.861634
71.864468	58.166243	25.352638
75.702201	86.174135	21.063087
63.945433	93.260538	9.811613
90.435989	78.950033	1.233877
70.939889	88.746877	3.183846
65.721141	95.975031	18.940224
93.842359	84.559645	28.491182
96.348093	70.305308	27.922408
81.700134	82.979551	21.880735
73.163105	90.241346	0.917825
86.479604	60.476365	24.160840
95.466555	73.361156	7.221544
84.074731	86.531033	42.526552
70.477810	76.451846	21.805325
86.255318	95.851813	32.181229
83.599378	64.319143	7.446792
73.473143	84.198983	2.912484
94.107388	82.735692	25.369494
73.479799	74.077507	19.158993
75.883081	61.849188	20.319751
78.146230	67.095509	0.877695
62.095226	85.024310	10.247341
74.414402	97.761846	29.340166
60.769138	84.476836	3.380478
70.651534	95.495223	10.992140
88.405772	80.710307	13.697159
87.028023	91.571477	23.599370
86.170568	60.035860	2.581158
88.239201	65.776512	12.811032
79.971264	75.916572	16.625073
95.288528	90.062511	9.091922
84.532124	70.803765	14.369922
97.156011	95.789622	20.353201
63.069572	69.247668	6.327359
54.737570	83.588945	14.644217
87.493455	87.544153	40.905973
76.014625	71.498798	8.653285
88.507331	81.607364	4.138666
78.739119	73.795527	18.223382
80.313048	96.893107	7.419159
76.198091	61.040771	26.163557
71.966083	69.833867	35.754776
91.866632	61.982118	20.641147
90.292900	69.741742	11.955428
92.092884	85.694545	12.119203
88.546058	70.717621	27.045872
82.818453	88.161439	3.121485
74.145091	85.029665	33.980840
89.262346	78.927377	31.599098
93.621796	91.111931	33.598370
68.198167	83.217225	16.355162
77.479356	84.373795	20.774396
72.034870	82.076871	19.931104
73.384400	94.168086	0.476533
92.880585	72.334338	12.427666
79.905650	90.115178	1.434330
92.003230	76.475077	6.878954
73.091437	74.027980	14.448185
78.720473	88.310633	9.662405
79.302167	93.192892	16.180766
68.390234	97.800805	9.428356
81.969234	78.668628	1.544054
86.110135	58.838910	16.661868
65.750117	79.634184	37.381307
86.348877	86.514247	11.392661
79.672127	83.298581	28.555736
88.454223	66.694226	36.551153
97.918651	72.961282	12.551798
76.135240	70.872059	26.896003
73.214151	70.446676	0.798243
66.721737	81.284940	11.090213
83.221081	57.490640	4.873181
83.655596	81.282334	2.443715
90.963974	82.551752	32.120249
66.728710	89.627720	14.848663
75.192489	94.204522	31.381115
82.017089	96.787511	30.785741
93.160200	80.338683	19.428114
70.208760	76.856540	1.467177
87.865329	86.100127	17.262438
86.008610	66.842806	18.404412
70.542665	83.025137	31.687812
94.361590	97.627056	20.090407
73.674940	90.136292	14.041566
86.116735	81.177290	33.278541
85.604023	79.980661	17.117709
93.361986	97.359276	14.259065
78.274864	94.000648	18.913531
81.541375	64.896249	2.138749
90.699950	67.467418	34.685864
74.693546	94.015363	10.623017
87.048774	82.566126	21.533070
89.056908	64.526040	12.739434
75.389795	73.241763	40.370149
63.491701	85.612103	20.309899
75.487178	68.992722	36.597993
75.893723	87.411129	13.087261
69.643065	82.803765	8.155071
72.456667	90.149912	7.582600
81.968244	82.960446	29.731806
61.746899	75.115592	23.082215
85.857292	88.119257	24.984706
69.994413	88.584713	20.146757
92.620392	70.118026	31.406312
69.249630	86.431231	10.658502
70.721375	80.978930	7.096990
83.992820	82.456588	1.824286
87.415268	87.292147	35.364959
75.999173	90.767632	23.148222
69.477422	95.364560	5.634767
95.247469	89.421734	7.220895
83.491637	70.335674	29.342257
75.421351	71.381076	13.387565
95.842121	72.591330	29.386961
88.220597	76.741764	11.875130
96.563953	69.580179	9.097517
72.643940	90.143523	5.686568
94.154067	95.441930	15.454596
75.874534	73.732972	6.346391
94.359080	87.007121	17.118877
80.199712	77.433986	24.458819
93.261856	87.602166	6.873793
82.881771	93.730135	35.740775
96.081513	82.458717	34.636978
81.749082	93.409402	17.352925
56.848401	74.554599	11.986411
89.932044	65.964055	21.163721
87.859601	74.040724	16.062107
59.639557	67.877591	17.198763
92.590735	74.170153	4.602825
74.009712	85.977157	34.394473
90.862911	93.879860	16.776839
74.114012	75.869451	18.311488
86.680858	95.073605	3.521104
83.754516	92.423648	21.635776
96.997640	97.764784	17.495220
90.311631	95.764889	8.166335
85.528998	80.999828	4.305051
73.425118	64.842899	13.341024
97.071587	73.024733	24.079928
91.339047	81.327505	22.332772
69.288575	90.639265	11.287088
91.736656	69.146091	3.513019
90.155640	86.026300	27.099759
80.029176	87.667493	12.288434
86.778577	88.491493	6.501402
88.668270	62.482528	5.980174
74.238741	87.496820	25.954813
82.317389	89.438410	8.320581
77.268378	84.478645	18.724572
84.614940	88.737606	25.872286
74.372357	60.743968	6.118378
87.436115	64.352596	2.091387
80.496463	94.955837	0.055918
67.782389	76.521543	24.925845
86.662299	81.629704	40.274572
81.711066	79.155373	9.963606
96.050187	86.080002	17.743298
68.875086	88.502693	9.748709
75.832823	82.318684	4.367556
75.207395	96.270513	8.022416
97.149205	71.999303	9.101144
74.403559	67.056556	16.186828
91.511320	94.393638	33.296968
67.657869	89.632512	23.453515
92.155068	77.579587	19.893780
56.816889	71.592639	16.941243
82.027675	97.036308	9.633159
88.826451	81.193084	27.024318
85.208294	74.401839	2.432057
76.815447	55.130037	14.508112
71.286394	76.864505	4.634837
75.476048	60.427818	4.460593
72.697969	71.437076	25.500796
88.209004	89.378209	7.894538
74.780581	68.835607	37.186011
70.716830	95.208018	15.843808
93.637527	97.452512	13.055660
69.239887	88.047323	9.567914
80.669551	83.885155	34.733357
94.100965	67.285088	30.111830
73.908379	83.804821	5.901803
74.900517	87.492497	13.244795
75.126344	93.389896	15.715487
94.333641	87.457866	5.597173
94.055020	82.925985	23.090674
81.126630	95.485247	3.493651
84.564953	72.967980	38.449224
89.193137	77.081261	34.559706
92.597192	77.589099	8.349225
91.653080	83.922348	30.198265
78.917938	81.750628	18.650242
71.138149	75.440143	1.690519
77.008866	76.083214	3.022367
