3.1706
-0.0029
0.9183
1.9856
6.8903
2.5546
-0.7197
-1.6145
-0.0660
-0.9872
-0.6273
-0.6049
-0.6273
0.0224
-0.6049
-1.1503
-1.5827
-0.0357
-0.3786
-0.1952
-0.0660
-0.4177
1.0131
-0.9872
-0.6273
2.2076
-0.6273
5.7255
0.2737
0.6230
0.6230
-0.6273
0.1142
-0.9872
-0.6832
-1.7180
-1.0685
11.9191
2.7689
-0.9872
2.4515
2.8349
2.8349
2.8349
3.7561
1.5702
-1.0685
-0.0660
-1.2646
0.0224
-0.6273
-1.6258
-1.2646
-1.2646
0.9212
0.0224
-0.6049
-0.6049
-0.6049
-1.2251
-1.3536
0.8298
-0.7197
2.1152
-1.3204
2.7689
-0.0357
-0.8657
3.4780
-0.0357
1.2522
-1.5827
-0.9707
-0.0086
2.5340
0.6507
0.7467
1.6679
0.7467
1.8833
0.7467
4.5457
-0.1952
2.7689
-1.2646
-1.4535
-0.2774
-0.5814
-0.5814
-0.5814
-0.5814
-0.5814
-0.5814
-0.9872
-0.0357
-1.3204
1.8476
1.8476
1.8476
-1.3204
1.8476
-1.6617
0.7670
1.4169
0.7020
0.7020
0.7020
0.7020
0.7020
0.7020
0.7020
0.7020
0.2737
1.6232
-1.0351
-0.4576
-0.4576
-2.4169
0.4246
0.9212
0.5654
-0.5814
1.2591
3.0015
0.3889
0.3889
3.9044
-0.8225
-1.0229
-0.9872
1.5059
4.6829
6.5662
-0.5814
-0.4324
3.0487
4.5616
2.2129
-1.2269
-1.2646
-1.2493
0.6187
-1.2646
-0.6049
-1.4196
0.5610
-0.5814
-0.7272
-0.3940
-0.3940
-0.9872
3.4733
1.8833
-0.5814
-0.0086
-1.4196
-1.2646
-1.4196
-1.2646
-0.6220
2.2129
1.2837
1.2837
-0.6220
1.2613
1.5283
-0.4818
3.3042
0.4693
-0.5814
-0.5814
2.8349
-0.4058
2.2848
-0.7498
-1.2646
-1.6036
-0.0086
-1.0229
-1.2646
0.8961
-1.2646
-1.2646
-0.9872
-1.2646
-1.0138
-1.2646
-1.0138
-1.4787
-2.7787
-1.2668
-0.4058
-0.4058
-0.7399
0.3937
-1.5776
-1.2646
-0.4058
3.5095
-0.3131
0.1023
-0.8090
-0.3131
0.1023
1.5702
-0.9042
-0.9042
-0.9042
0.6187
-0.9042
-0.7090
-0.9042
-1.4566
-0.4225
-0.4225
-0.4058
-1.8775
0.6735
-0.1952
-0.2695
0.9865
0.1219
-1.8919
1.5059
2.4558
1.8833
1.8833
2.8445
-0.4058
0.5154
-1.4995
-0.8722
-1.1183
-1.1183
1.9940
0.5150
-0.8793
-0.6273
-1.6145
1.0977
-0.4058
3.0260
-0.6686
0.3963
0.3963
0.3963
-2.1614
-0.0660
-0.9872
-1.4049
-1.4196
-1.4196
-0.4984
-0.4058
-1.3179
-1.3179
-0.7458
-2.8509
-1.7602
-2.8509
-2.8509
-0.7458
-0.1075
-1.3904
-1.1329
-1.2724
-0.3512
-1.3731
-0.8185
-0.9872
-0.9872
-0.9872
-0.0660
0.8961
-1.4291
-0.9872
-1.9083
1.3019
1.3150
-0.4058
2.6420
-0.4177
-0.4177
3.5418
6.3767
5.0903
-1.6310
-0.2980
-0.1028
-0.1028
-0.5814
4.1691
2.8349
-0.0357
0.3937
0.9293
0.4161
0.0945
1.3373
0.0945
0.3937
0.3937
-0.4647
-1.3193
-1.3193
-1.5145
-1.6998
0.1754
0.1754
0.0384
0.0384
1.9217
0.0384
-1.4995
-1.4995
2.6141
-0.9872
0.0070
6.6562
-0.9142
3.5369
0.0070
-0.9142
3.5918
-1.6605
-1.2646
-1.2646
-1.2646
-0.9872
0.2331
-0.9872
0.9691
0.3972
-1.2646
-1.0319
-1.6913
-1.5776
-0.9872
-1.8919
5.7835
5.3023
2.9486
-0.4909
-1.4781
-1.4781
0.0782
-2.0678
0.3398
-0.9872
1.7081
-0.3624
-0.6745
1.0181
-1.3674
-0.5266
-0.5266
-2.7717
-0.9546
-1.3604
-0.9546
-0.9546
-0.5814
1.5702
-0.3131
-0.5083
-0.9546
-0.6273
0.0222
-0.0357
-0.3131
-0.1952
-0.5266
-0.5266
4.0286
5.9423
-0.4664
-0.4664
-0.4664
-0.4664
-1.3674
-1.9947
0.3654
-0.1114
-0.5266
3.7252
-0.5266
-0.9930
0.5610
0.5610
0.5610
0.5610
-0.2420
0.5610
0.5610
0.5610
0.5610
-0.4058
-0.5266
-0.5266
-0.5266
-0.4058
-0.0133
-0.0133
-0.0357
2.7992
-0.3082
-0.3082
2.2566
0.5245
-0.5632
0.8019
0.5245
0.8019
-1.4196
-0.4177
-0.4177
4.3005
1.1697
-1.0351
0.0384
-0.0357
0.0384
2.3848
0.0384
-0.9872
-0.4058
1.4674
1.4674
-2.3738
-2.3738
-2.3738
-2.3738
-0.9872
-1.0331
-1.0331
-0.9342
4.3659
1.1852
3.0063
1.6077
4.4507
-1.2646
1.2309
9.4475
-0.5814
1.5702
1.5702
-0.3131
-0.3131
1.5702
1.5702
0.5997
1.5702
0.6081
7.3208
8.2420
7.3208
7.3208
9.5438
4.4859
-1.7079
-0.4058
2.4291
-0.5904
-0.8968
0.9865
-0.7498
-1.4995
-0.2695
-1.5339
-1.5339
-1.5339
-0.6546
1.7694
-0.1952
-0.8945
-1.3003
2.0247
2.4931
-1.3003
1.9404
-1.4063
-1.4063
1.4846
2.0247
-1.3003
-0.5814
-0.8030
-1.0118
-0.6745
-0.8968
-0.8968
-0.6273
-0.8968
0.6953
0.7177
0.7177
0.7177
1.5154
-0.9872
-0.9872
-0.0660
3.7310
-0.9872
1.0877
2.7101
0.9786
2.6686
1.8833
4.1195
3.2487
1.3019
1.5059
5.9924
0.3937
1.5059
-1.2646
-0.2924
-0.3131
-0.3131
-1.3254
3.7953
-0.9665
1.0262
0.0390
1.9698
4.8047
1.0262
-0.2928
-0.4058
-1.1896
-1.9452
-1.6145
-1.6145
2.0164
-0.7197
-0.5904
-0.7197
-0.7197
0.3174
-0.4226
-0.9872
-0.9872
2.7689
0.8213
-0.5814
2.0247
-1.0351
-0.0660
-0.9872
1.8477
-0.3949
2.7332
3.1747
2.7689
1.8477
-1.3254
1.1900
0.5579
-0.8722
3.7310
2.2362
-0.9872
-1.0351
2.8349
2.8349
5.4109
3.5276
2.8349
3.7561
-0.6273
2.8573
2.2535
-0.6578
3.9436
-0.6985
-0.7498
1.5703
-0.6578
-0.3082
-0.0357
1.3023
0.8193
-0.6578
1.0163
2.8445
0.4448
2.9095
-1.0077
1.9430
-0.6745
-0.6177
-1.3674
-1.0351
-0.3869
-0.9872
-0.2913
4.8596
-1.1722
0.6098
-1.3674
-0.6745
-1.3674
-0.6745
-0.5548
-0.8679
-0.5548
1.0154
-1.7472
0.5815
-1.0138
-0.0357
-1.1044
1.3755
2.7992
0.6098
-0.9872
-0.7927
1.0906
-0.3082
-0.7927
0.3410
-1.5423
-1.5423
-2.2252
-0.6049
-1.4756
-0.9872
-0.0660
-0.9872
-0.9872
1.0343
1.3019
4.7993
-0.9872
-0.9872
0.0730
3.7561
-0.9872
-1.6624
-0.4058
-0.9872
-0.0660
-1.6624
-1.6624
0.2209
0.6098
-1.6624
-1.4607
1.8833
1.8833
0.3410
2.3025
-0.9872
-0.9872
-0.9872
2.3407
-0.9872
2.2326
0.6098
6.0913
0.6098
0.3487
0.6098
-0.5814
2.4271
-0.0660
-1.6612
1.0343
-1.3674
0.7506
-1.0077
-1.0229
2.7332
0.8961
-0.2975
3.8822
-0.5266
-0.5266
-0.5266
-2.1614
-2.3985
-0.4984
-0.4058
-0.4058
-0.4055
2.4294
-0.4055
-0.4055
-0.2695
3.4334
-0.4055
-0.4055
0.7981
-0.5266
3.3945
1.3226
1.3226
-0.2924
-0.3616
-0.9872
-0.9872
-0.8179
0.5159
-0.8179
-0.8179
-0.8179
-0.3395
-0.8179
-1.3674
-1.7550
-1.0138
-1.0138
-0.2695
2.1741
-1.0138
-0.2695
-1.2881
-1.0138
-0.2695
-1.8294
-1.4049
1.3450
1.3450
-0.2781
-2.1614
1.8833
-0.2781
-1.1911
-0.1287
-0.2774
3.5882
1.0262
-0.6645
-0.6645
-0.6645
2.8445
-0.3606
-0.3606
-0.1952
0.0317
3.4170
-0.2913
0.7506
1.0111
-1.0077
1.0245
0.1472
1.0684
2.5166
0.5610
0.5610
2.1147
0.8961
3.8498
5.4040
1.6422
0.7788
-0.8666
0.7788
4.9542
-0.2695
-0.2695
-0.3189
-0.3768
-0.8793
-0.0660
-0.1119
5.4113
1.3578
1.8018
-0.5823
4.0038
0.3838
-0.4058
-0.4058
-1.6823
-0.4058
-0.4058
2.5959
-0.2390
-0.2390
-0.0660
2.5160
1.8477
-0.8387
-1.0339
2.7332
-0.2695
-0.7927
-0.8968
-0.8968
0.9865
-0.8968
1.8170
0.2078
-0.3239
0.3937
1.9343
1.0131
-2.1614
-0.2781
1.9343
1.0131
-2.1614
-2.1614
-0.5814
-0.9546
-2.1614
-0.2695
1.3305
1.4656
1.3305
-0.2695
0.5194
-0.2695
2.2517
0.7032
0.7032
3.2616
-1.3179
2.5865
0.9609
2.5865
-0.5469
-0.5469
0.0389
0.3858
-2.1614
0.9786
-2.1614
1.6528
-2.1614
-0.2695
-0.6273
1.9343
-0.0133
1.0131
-0.2695
1.0131
0.0215
1.0131
1.0131
0.7617
1.4656
0.5035
-0.4177
-0.5814
1.1725
0.3398
3.7561
0.4356
3.7827
1.4756
3.0756
2.8743
-0.4058
-0.4058
-0.6832
-0.6832
-0.6832
-1.1012
-0.5558
-0.5558
-2.2738
-0.6521
-0.6745
-0.5783
-0.5558
1.7427
1.7427
-0.6521
-0.6521
-0.3998
1.7427
3.6260
1.7427
0.1702
-0.1072
0.1702
2.3987
0.2891
-0.5623
-0.6789
-1.0685
-1.0685
-1.0685
-1.4291
-1.8053
-1.3260
-1.4291
-1.3260
-1.0685
-0.4003
-1.0685
-0.9498
0.0384
0.0384
-1.2843
-1.2843
4.8128
2.4575
-1.4291
-1.4291
-1.8053
-1.4291
-1.4291
-1.8053
-0.5814
-0.8733
0.6507
0.6507
-1.9906
-1.8593
-0.5814
-1.8593
2.8349
-0.7927
4.7182
-1.9083
-0.8793
-1.0685
-1.0685
-1.8053
-1.0685
-1.6532
-1.0685
-1.0685
-1.0685
-1.4291
-1.0685
-1.0685
-1.0685
-1.0685
-0.8733
-1.0685
2.8445
-1.0685
4.3870
-1.2798
4.1568
-1.4291
-0.6743
1.5624
-0.1555
0.0224
0.9262
-0.7926
-0.5397
-2.6759
-0.7926
-0.1017
-0.1017
-1.0229
2.3887
-0.5823
-0.9775
0.5201
1.7208
-0.2849
-1.6944
-2.1614
-1.1141
0.2939
-0.6273
-0.3131
-0.8235
4.9436
2.1087
-1.3674
-0.8225
9.5610
0.7670
-0.5814
-1.3632
0.7569
-0.2849
-0.2849
-0.2849
0.6363
-0.5643
-0.6720
-0.2849
-0.2849
-0.2849
0.4929
-1.3674
-0.5266
-0.0086
-0.0216
-0.9872
-0.9872
2.3887
2.5521
-0.8225
3.4733
-0.4058
-1.5341
5.0571
-0.2924
0.2380
4.4533
4.4533
4.4533
-0.5814
3.8611
2.2273
-0.9836
-0.5852
0.8961
0.2209
0.8482
-0.9872
-0.9872
0.8961
1.0262
1.0262
-1.0745
-0.8722
-0.9872
-0.4058
-1.6962
-0.2695
-1.2646
-1.7614
5.4004
1.1832
-1.0701
-1.0701
-0.0970
-0.8937
-0.8937
-0.6985
0.9733
-0.8937
2.2770
1.8477
0.6098
0.6098
4.4000
4.4000
2.8045
1.3373
7.2055
2.0856
0.2468
3.0817
0.5242
2.7379
0.6507
0.6507
-0.1952
-1.0229
-1.0229
-0.9248
-0.9930
-0.9930
-0.9930
-0.9930
0.2737
4.7904
3.8954
1.2390
1.5059
3.8954
-0.6564
5.6794
-0.9872
0.3937
1.3149
0.4161
0.3937
7.3651
0.3937
0.3937
0.1768
0.1768
-1.4422
1.5283
0.1393
-0.8043
2.9742
2.7689
2.9742
2.9742
3.0117
0.0068
4.3408
-1.4995
0.4356
-0.6745
-0.8968
-0.9872
6.7393
-1.0229
-0.9872
2.4025
2.8616
-1.0229
-0.6171
-1.0229
2.7992
0.3398
1.1081
2.3851
3.4776
-0.2695
-0.9872
-0.5814
2.2535
-1.3580
-0.9872
1.9761
-0.0660
-0.9872
-0.6745
1.6138
-2.1614
0.6735
1.8120
-0.9872
-0.4909
-0.5284
-0.4058
4.1669
0.6187
-0.3871
-1.5199
0.8961
4.6522
2.7689
0.9546
0.0384
-0.3940
-1.3632
-1.4113
0.6098
0.6098
0.8961
0.4542
-0.8968
-0.8968
2.7689
0.7880
2.7689
2.0591
-1.5279
0.5654
-0.6546
-0.8733
-0.1114
-0.8733
-0.4058
-0.9498
1.0262
0.6098
0.6098
0.6098
0.6098
-2.3985
-0.9872
-0.6273
-0.0660
-2.1614
-2.1614
-2.1614
-1.2646
-2.1614
-0.9121
2.9176
1.0343
-0.7197
1.5703
1.9767
0.0934
3.5374
-0.2411
0.6596
-0.4177
-0.0660
-1.4196
1.3019
-0.1952
1.3019
-0.9872
-0.9872
-0.5814
0.0224
-0.9872
-0.9872
3.1983
-0.9872
0.8961
-0.4058
-0.9872
-0.5892
1.0906
4.7240
0.0384
0.7477
2.4915
0.3398
-0.3382
3.8703
2.9491
0.3937
-0.8409
-1.0361
0.0384
0.0384
0.0384
-0.8409
0.0384
-0.5814
1.0424
-0.5814
8.5790
-0.8409
1.2513
2.7689
-0.6273
-0.5814
2.2362
1.7491
1.7491
-0.7708
-0.9872
1.8477
0.3398
-1.8792
-0.4177
-1.4219
-0.4177
-0.4177
1.2941
-1.2646
-0.8193
2.1801
-0.7066
-0.4058
-1.0005
1.5703
1.8833
-0.9909
-0.9909
-0.9872
-1.9128
13.8085
8.3293
11.9902
-0.9872
12.9523
-0.9872
-0.4058
-0.5814
-1.4063
0.8961
-1.8950
-0.9491
-0.8945
-0.0660
-0.9872
-0.5904
-1.8871
0.0224
-0.8001
-0.5814
-1.8225
-0.9872
-1.6974
-1.4196
-1.4196
-1.8210
-0.6273
-1.0351
1.8120
-0.8968
-0.8968
-1.1831
2.7689
2.7689
-0.9872
0.5154
0.3937
1.5059
1.5059
-0.7819
0.5830
-0.5266
-0.5266
-0.5814
-0.5266
-0.5266
-1.2843
-1.2843
-1.9116
-0.1952
-0.1952
-0.5796
-1.2843
-1.2843
-1.2843
-0.9930
-0.9930
-0.9930
-0.9872
-0.9930
1.2807
10.4615
0.5524
-1.2019
-1.2019
7.9349
-1.2019
-1.2019
-1.2019
-1.2019
-1.2019
-1.2019
-1.3003
-0.8968
-0.5558
-0.5814
-1.2646
-1.2646
1.8833
-1.7614
-1.5154
0.6240
-0.9872
2.7689
-0.0660
-0.0660
-1.3588
-1.4196
-0.0318
2.7689
-1.1339
0.3448
1.2513
-1.2646
1.2513
0.9752
-0.0357
0.3937
1.1425
1.1425
-0.6273
2.3827
3.8032
-0.2831
0.8961
0.2836
3.3959
-1.6998
1.4300
6.2160
-0.4469
0.1804
4.7504
-1.4698
-0.3131
-1.4698
2.5149
-0.8968
-0.5814
2.7689
3.1983
1.8419
-1.4291
1.8419
-1.5776
-1.2646
-0.5266
-0.6411
-1.5532
-0.9872
-1.7477
-0.7197
0.2829
-0.0660
-0.5814
-2.2309
-0.8968
-0.8968
3.8214
7.4962
-0.3546
3.4430
-1.0838
1.3150
2.6876
-0.3131
-1.0229
0.9436
2.7992
-0.9872
1.8833
3.4733
0.4637
-0.2774
-0.9930
1.9615
-0.7498
-1.3771
0.1714
-0.7722
-1.3995
-1.2843
-1.2843
-1.2843
-1.5538
-0.4058
-0.1952
2.7912
-0.0357
-0.6630
-0.9872
-0.9872
-0.9872
-1.7614
0.2783
0.2783
5.3983
0.2645
1.1857
0.2645
-1.3683
-1.3683
-1.3683
0.3733
2.6357
3.6108
5.6059
2.7538
-1.1204
-1.2796
-1.0701
-0.8968
1.2763
-0.8968
-1.0763
-1.8506
-1.4995
-1.4995
0.1206
2.7689
1.4666
-0.5127
-0.1952
-0.8968
-0.2695
0.8604
7.4667
-1.3003
-1.0229
2.1830
0.2997
0.5771
-1.6502
-1.4290
-1.7065
-1.7065
-1.4290
-0.3439
-1.6145
-0.0357
-0.3439
1.2203
-0.0357
1.8476
-0.3439
2.2535
-1.4291
-0.0206
-1.4290
0.1734
-0.7207
-1.4290
-1.4290
1.8833
-0.5558
-0.7090
-1.6036
-0.2774
0.3658
-1.4290
-0.5266
-0.5558
-1.0685
1.9474
-0.7197
1.1636
0.2015
-0.3439
0.3937
-0.0357
-0.0357
-0.0357
0.0204
3.8471
2.2342
2.6174
1.1136
4.7142
0.0650
3.0389
-1.0107
0.9824
1.9563
0.0874
0.5232
2.2362
-0.9763
1.0177
-1.4196
-1.0138
-1.6411
7.8383
1.4745
-0.7926
2.7689
2.0591
-0.1952
-1.2646
-0.3082
-0.3434
-1.0745
-1.5365
-1.0745
-0.2849
-0.2849
-0.2849
-0.2849
-0.2849
-0.8722
0.0977
-1.2646
-0.2849
-0.2849
0.6431
1.1618
0.0224
1.7998
-1.4196
-0.2695
-0.5636
-0.5237
-1.0030
-0.3940
-0.2781
-0.2781
1.4775
-0.5266
-1.2861
1.2351
-0.6745
-0.3869
2.4334
-0.3711
-0.3711
-0.3711
3.7561
1.9398
-0.6578
-0.6578
-1.2032
-0.6578
-0.6578
-0.6578
-0.6578
-1.2851
-0.6578
-0.6578
-0.6578
-0.9872
-0.0660
-0.9872
-0.5814
-0.9387
-1.4196
-0.1829
1.4675
-0.8968
-0.5814
0.2688
4.0249
-0.9872
-0.9872
-0.8225
-0.5814
5.3310
1.4275
2.0114
0.8961
0.2688
0.8961
-0.2849
0.0419
-0.2849
-0.2849
-0.2849
-0.2849
-0.2849
-0.2849
-0.5643
-0.2849
-0.2625
-0.2849
-0.2849
-0.2625
-0.5558
-0.2849
2.7992
5.1665
-0.5814
-0.9872
-1.3674
-0.5814
-1.6036
-1.2646
-2.2309
2.7332
-0.2907
2.8445
-1.5025
1.7427
1.5475
1.7427
1.2001
-0.0357
-0.7197
-1.3831
-0.9635
-0.5814
2.5373
-0.4191
-0.9872
1.5719
-0.4058
5.0700
14.8684
0.6187
-0.1270
-0.7722
3.8835
-0.3222
1.1790
-2.0388
-2.0388
-2.0388
1.1196
-1.2633
-1.3604
-0.7718
-0.4324
-0.4077
0.7716
-0.8693
-0.8693
1.7752
-1.9809
-0.8693
-0.8693
-1.9809
-1.7601
-1.2633
1.8833
2.9261
-0.7356
-1.0138
-1.2646
-0.8676
-1.2904
1.5059
