-2.0536
-2.1845
-2.9719
-1.1401
-4.3967
-3.3403
2.6020
1.9184
1.7583
2.5457
-0.6273
-1.4901
-0.6273
-0.8628
-1.4901
-0.1420
5.0719
0.1662
0.8689
-0.5217
1.7583
0.0305
-0.6821
2.5457
-0.6273
-1.5057
-0.6273
-2.4719
-1.1930
-0.6416
-0.6416
-0.6273
-0.7608
2.5457
-0.6832
-1.1651
-1.3616
-2.7952
0.8799
2.5457
-2.1470
-0.8784
-0.8784
-0.8784
-1.6658
-0.5800
-1.3616
1.7583
2.2683
-0.8628
-0.6273
-1.1063
2.2683
2.2683
-0.7874
-0.8628
-1.4901
-1.4901
-1.4901
2.9639
2.3812
-0.3871
2.6020
1.7236
2.2125
0.8799
0.1662
1.2140
-1.0030
0.1662
4.1935
5.0719
0.8536
1.1722
-1.0637
-0.5949
-0.7065
-1.4939
-0.7065
-0.4688
-0.7065
0.5102
-0.5217
0.8799
2.2683
2.2813
-0.2774
2.9515
2.9515
2.9515
2.9515
2.9515
2.9515
2.5457
0.1662
2.2125
-0.3026
-0.3026
-0.3026
2.2125
-0.3026
3.1479
1.3310
2.8033
-0.7647
-0.7647
-0.7647
-0.7647
-0.7647
-0.7647
-0.7647
-0.7647
-1.1930
-1.5521
-1.2945
0.9920
0.9920
0.7455
-1.0421
-0.7874
1.7462
2.9515
-1.9162
-1.1033
-0.8759
-0.8759
-1.0973
-1.1490
2.7119
2.5457
-1.1219
-1.1545
-1.6233
2.9515
0.2038
-3.1360
-2.8875
-1.5004
-2.1121
2.2683
-1.2493
1.7995
2.2683
-1.4901
2.7495
0.1707
2.9515
-0.7272
-0.3940
-0.3940
2.5457
-1.9486
-0.4688
2.9515
1.1722
2.7495
2.2683
2.7495
2.2683
-0.6220
-1.5004
-1.9536
-1.9536
-0.6220
-1.0908
-1.9847
-0.7129
-1.8623
-0.9839
2.9515
2.9515
-0.8784
-0.4058
2.6398
-0.0180
2.2683
-1.1554
1.1722
2.7119
2.2683
2.0769
2.2683
2.2683
2.5457
2.2683
3.1553
2.2683
3.1553
3.6175
4.6902
1.6636
-0.4058
-0.4058
-0.2917
-0.4813
5.6695
2.2683
-0.4058
0.9770
-0.1112
-1.0629
-1.1355
-0.1112
-1.0629
-0.5800
-0.7825
-0.7825
-0.7825
1.7995
-0.7825
-0.2608
-0.7825
1.2576
1.9626
1.9626
-0.4058
0.7006
0.2532
-0.5217
-0.5094
-1.6055
-2.4896
1.6410
-1.1219
0.7687
-0.4688
-0.4688
-1.0456
-0.4058
-1.1932
2.2390
2.8663
-1.3616
-1.3616
-1.9626
-2.0965
-0.3598
-0.6273
1.9184
2.1333
-0.4058
-3.6130
-0.6686
-2.2823
-2.2823
-2.2823
1.1316
1.7583
2.5457
2.5762
2.7495
2.7495
1.9621
-0.4058
2.2150
2.2150
-0.7458
-2.2980
-1.7602
-2.2980
-2.2980
-0.7458
-1.5645
-1.7169
-1.1329
-1.2724
-2.0598
-1.3731
-1.9470
2.5457
2.5457
2.5457
1.7583
2.0769
-1.6885
2.5457
5.3388
2.4827
2.6979
-0.4058
2.3163
0.0305
0.0305
-2.5678
-3.4462
-2.7279
2.1038
-0.8216
-1.3199
-1.3199
2.9515
-1.9405
-0.8784
0.1662
-0.4813
-1.6985
-1.3441
-0.7805
-2.1315
-0.7805
-0.4813
-0.4813
-1.0311
0.8259
0.8259
0.3042
0.4454
0.5375
0.5375
-0.7244
-0.7244
-1.1932
-0.7244
2.2390
2.2390
1.1081
2.5457
1.6002
-3.1667
2.3876
-1.6431
1.6002
2.3876
-0.8978
5.6065
2.2683
2.2683
2.2683
2.5457
1.6158
2.5457
1.9188
1.5780
2.2683
2.8842
2.4711
5.6695
2.5457
1.6410
-1.8738
-1.2642
-0.9954
-0.2890
2.2567
2.2567
2.3962
4.1793
2.1641
2.5457
3.4212
1.6837
-0.9676
2.6270
-1.6268
-0.5266
-0.5266
7.5285
6.6314
6.2256
6.6314
6.6314
2.9515
-0.5800
-0.1112
-0.6329
6.6314
-0.6273
2.0453
0.1662
-0.1112
-0.5217
-0.5266
-0.5266
-1.0970
-1.1880
3.2721
3.2721
3.2721
3.2721
-1.6268
-2.2541
-1.6360
-2.7229
-0.5266
1.3983
-0.5266
2.7455
0.1707
0.1707
0.1707
0.1707
1.7528
0.1707
0.1707
0.1707
0.1707
-0.4058
-0.5266
-0.5266
-0.5266
-0.4058
-0.6966
-0.6966
0.1662
-0.7122
-0.3082
-0.3082
0.5732
-1.8177
-1.4484
-1.5403
-1.8177
-1.5403
2.7495
0.0305
0.0305
-1.3167
-0.6059
-1.2945
-0.7244
0.1662
-0.7244
-1.8572
-0.7244
2.5457
-0.4058
-1.2292
-1.2292
-2.1137
-2.1137
-2.1137
-2.1137
2.5457
-1.0331
-1.0331
1.0988
-1.8154
-1.8134
-1.0730
-0.7674
-0.9608
2.2683
-1.1442
-3.4264
2.9515
-0.5800
-0.5800
-0.1112
-0.1112
-0.5800
-0.5800
2.0023
-0.5800
-0.8986
-2.3161
-3.1035
-2.3161
-2.3161
-3.2319
-1.4377
1.0063
-0.4058
-1.2842
3.1238
-1.1367
-1.6055
-0.0180
2.2390
-0.5094
-1.3409
-1.3409
-1.3409
-0.9811
-2.5507
-0.5217
2.8403
2.4345
-1.1248
-0.6184
2.4345
1.9619
2.3285
2.3285
-2.4055
-1.1248
2.4345
2.9515
1.5821
4.6202
-0.9676
-1.1367
-1.1367
-0.6273
-1.1367
-1.4895
-2.3523
-2.3523
-2.3523
1.3350
2.5457
2.5457
1.7583
1.1985
2.5457
-0.3693
-1.8169
-1.3735
-0.7947
-0.4688
1.4417
-1.9175
2.4827
-1.1219
-2.2833
-0.4813
-1.1219
2.2683
0.2952
-0.1112
-0.1112
3.7907
-0.8238
3.8274
-0.4270
2.1187
-2.0772
-2.9556
-0.4270
-0.2928
-0.4058
-1.4295
1.5877
1.9184
1.9184
-2.8254
2.6020
3.1238
2.6020
2.6020
0.1456
3.3321
2.5457
2.5457
0.8799
-0.4287
2.9515
-1.1248
-1.2945
1.7583
2.5457
1.6673
-0.3949
1.0461
1.2857
0.8799
1.6673
3.7907
0.6622
3.3219
2.8663
1.1985
1.9105
2.5457
-1.2945
-0.8784
-0.8784
-1.9429
-1.4741
-0.8784
-1.6658
-0.6273
-1.7412
2.0731
-0.5286
1.6167
-0.1109
-0.0180
1.3899
-0.5286
-0.3082
0.1662
3.0154
-0.3527
-0.5286
-0.2713
-1.0456
2.5245
-0.8958
-1.3008
-1.6950
-0.9676
1.4409
-1.6268
-1.2945
3.1659
2.5457
-0.2913
-2.0032
-1.1051
-0.1496
-1.6268
-0.9676
-1.6268
-0.9676
-0.5548
-0.6660
-0.5548
-1.1348
-1.0258
-2.0637
3.1553
0.1662
-0.6562
-2.0697
-0.7122
-0.1496
2.5457
2.7601
2.2913
-0.3082
2.7601
-1.2897
-0.8209
-0.8209
-1.5038
-1.4901
2.0772
2.5457
1.7583
2.5457
2.5457
0.2580
2.4827
-2.9777
2.5457
2.5457
-0.1581
-1.6658
2.5457
-1.9218
-0.4058
2.5457
1.7583
-1.9218
-1.9218
-2.3906
-0.1496
-1.9218
2.5917
-0.4688
-0.4688
-1.2897
4.1520
2.5457
2.5457
2.5457
-1.0429
2.5457
0.1268
-0.1496
-2.5826
-0.1496
4.0480
-0.1496
2.9515
-1.9093
1.7583
-1.9543
0.2580
-1.6268
2.5707
-1.3008
2.7119
1.0461
2.0769
-0.2975
-1.9845
-0.5266
-0.5266
-0.5266
1.1316
3.8486
1.9621
-0.4058
-0.4058
-0.4055
-1.2839
-0.4055
-0.4055
-0.5094
-2.1125
-0.4055
-0.4055
-2.2005
-0.5266
-2.5257
-0.8622
-0.8622
0.2952
-0.8599
2.5457
2.5457
-0.8179
-2.0956
-0.8179
-0.8179
-0.8179
-0.3395
-0.8179
-1.6268
2.6952
3.1553
3.1553
-0.5094
-2.4244
3.1553
-0.5094
-2.1733
3.1553
-0.5094
-1.9206
2.5762
-1.7250
-1.7250
0.6628
1.1316
-0.4688
0.6628
-1.1911
2.2109
-0.2774
2.3705
-0.4270
-0.6645
-0.6645
-0.6645
-1.0456
-0.3269
-0.3269
-0.5217
2.0537
-1.3868
-0.2913
2.5707
2.3975
-1.3008
2.2053
-1.3195
-2.1069
-1.0675
0.1707
0.1707
-2.7543
2.0769
-2.9784
-3.1674
-1.4727
3.4427
-1.1931
3.4427
-1.7177
-0.5094
-0.5094
-0.3013
-0.3768
-0.3598
1.7583
-1.8205
-2.7664
0.4978
-1.9115
-0.9088
-1.8834
1.7702
-0.4058
-0.4058
2.2988
-0.4058
-0.4058
-1.8802
-1.0018
-1.0018
1.7583
-1.1797
1.6673
1.7483
1.2266
1.0461
-0.5094
2.7601
-1.1367
-1.1367
-1.6055
-1.1367
-1.0393
-0.5516
-1.9017
-0.4813
-1.4695
-0.6821
1.1316
0.6628
-1.4695
-0.6821
1.1316
1.1316
2.9515
6.6314
1.1316
-0.5094
-1.0942
-0.4383
-1.0942
-0.5094
1.0488
-0.5094
-1.8816
-1.7215
-1.7215
-0.0896
2.2150
-2.1903
-0.2689
-2.1903
-0.7868
-0.7868
-2.5549
-1.3094
1.1316
-1.3735
1.1316
-2.0605
1.1316
-0.5094
-0.6273
-1.4695
-0.6966
-0.6821
-0.5094
-0.6821
-1.6913
-0.6821
-0.6821
-1.9349
-0.4383
-0.7569
0.0305
2.9515
-2.8002
2.1641
-1.6658
-2.1997
-2.2827
-1.4001
-1.9849
-1.9331
-0.4058
-0.4058
-0.6832
-0.6832
-0.6832
0.4995
-0.8486
-0.8486
-2.0137
-1.8304
-0.9676
1.4516
-0.8486
-0.4788
-0.4788
-1.8304
-1.8304
-0.1979
-0.4788
-0.9476
-0.4788
-1.2880
-1.5654
-1.2880
-1.6620
-0.0452
-0.5623
-0.6789
-1.3616
-1.3616
-1.3616
-1.6885
-1.9668
-1.5209
-1.6885
-1.5209
-1.3616
-0.1984
-1.3616
-1.2426
-0.7244
-0.7244
2.4542
2.4542
-2.2706
1.5177
-1.6885
-1.6885
-1.9668
-1.6885
-1.6885
-1.9668
2.9515
-0.8399
-0.5949
-0.5949
0.1972
1.8755
2.9515
1.8755
-0.8784
2.7601
-1.3472
5.3388
-0.3598
-1.3616
-1.3616
-1.9668
-1.3616
-1.4513
-1.3616
-1.3616
-1.3616
-1.6885
-1.3616
-1.3616
-1.3616
-1.3616
-0.8399
-1.3616
-1.0456
-1.3616
-2.4945
3.7524
-1.6238
-1.6885
6.2374
7.1921
-2.7670
-0.8628
-0.7866
3.1024
-1.0972
3.5712
3.1024
1.9245
1.9245
2.7119
-1.7469
-0.9088
2.7367
1.6666
3.1037
-0.2849
1.8161
1.1316
3.9821
-1.4147
-0.6273
-0.1112
-0.3753
1.8745
2.7529
-1.6268
-1.1490
-2.1877
1.3310
2.9515
2.1354
-0.0194
-0.2849
-0.2849
-0.2849
-1.0723
-0.5643
-0.6720
-0.2849
-0.2849
-0.2849
-1.2157
-1.6268
-0.5266
1.1722
3.4155
2.5457
2.5457
-3.2926
-1.1612
-1.1490
-1.9486
-0.4058
1.7589
-3.0434
0.2952
-1.4706
-2.5947
-2.5947
-2.5947
2.9515
-1.3054
-0.6965
-0.1941
-0.6809
2.0769
-2.3906
-1.7633
2.5457
2.5457
2.0769
-0.4270
-0.4270
-0.8815
2.8663
2.5457
-0.4058
2.2849
-0.5094
2.2683
-2.0208
-3.1364
-0.0317
2.4827
2.4827
1.8873
-0.6326
-0.6326
-0.1109
1.6724
-0.6326
-0.9501
1.6673
-0.1496
-0.1496
-1.1711
-1.1711
-1.2562
-2.1315
-2.7394
-2.1564
-2.7770
-3.6554
-2.4996
1.0089
-0.5949
-0.5949
-0.5217
2.7119
2.7119
-0.9248
2.7455
2.7455
2.7455
2.7455
-1.1930
-1.4078
-0.9599
-0.4592
-1.1219
-0.9599
4.8821
-1.9240
2.5457
-0.4813
-1.2687
-1.3441
-0.4813
-2.9967
-0.4813
-0.4813
-2.4347
-2.4347
0.2114
-1.9847
-2.4545
-0.8043
-3.3329
0.8799
-3.3329
-3.3329
-3.3131
2.6846
-2.0003
2.2390
-2.1997
-0.9676
-1.1367
2.5457
-1.9757
2.7119
2.5457
0.7154
1.1745
2.7119
3.1177
2.7119
-0.7122
2.1641
-1.7774
-1.5050
-2.7139
-0.5094
2.5457
2.9515
2.0731
1.3562
2.5457
1.7957
1.7583
2.5457
-0.9676
-0.9782
1.1316
0.2532
1.8335
2.5457
-0.2890
-0.8549
-0.4058
-1.2592
1.7995
-0.3871
3.5763
2.0769
0.4111
0.8799
2.0153
-0.7244
-0.3940
2.1354
-1.5728
-0.1496
-0.1496
2.0769
-2.1573
-1.1367
-1.1367
0.8799
1.2438
0.8799
0.8063
-1.8210
1.7462
-0.9811
-0.8399
-2.7229
-0.8399
-0.4058
-1.2426
-0.4270
-0.1496
-0.1496
-0.1496
-0.1496
3.8486
2.5457
-0.6273
1.7583
1.1316
1.1316
1.1316
2.2683
1.1316
2.6208
-0.2108
0.2580
2.6020
1.3899
1.0964
1.5652
-3.5325
-1.0039
0.5750
0.0305
1.7583
2.7495
2.4827
-0.5217
2.4827
2.5457
2.5457
2.9515
-0.8628
2.5457
2.5457
2.2291
2.5457
2.0769
-0.4058
2.5457
-0.9157
2.2913
-1.6079
-0.7244
-1.7290
0.6025
2.1641
-1.1897
-2.4266
-1.6392
-0.4813
-1.0842
-1.6059
-0.7244
-0.7244
-0.7244
-1.0842
-0.7244
2.9515
-1.5530
2.9515
-1.7460
-1.0842
-1.5758
0.8799
-0.6273
2.9515
1.9105
-1.5160
-1.5160
-0.7708
2.5457
1.6673
2.1641
3.7511
0.0305
-0.9737
0.0305
0.0305
-1.3845
2.2683
3.3697
-2.2165
1.3196
-0.4058
2.7343
1.3899
-0.4688
1.0753
1.0753
2.5457
-0.2787
-3.2823
-1.4214
-2.6637
2.5457
-2.3451
2.5457
-0.4058
2.9515
2.3285
2.0769
-0.0763
1.4360
2.8403
1.7583
2.5457
3.1238
-1.3676
-0.8628
-2.0118
2.9515
-1.8225
2.5457
1.8554
2.7495
2.7495
-1.6280
-0.6273
-1.2945
1.8335
-1.1367
-1.1367
-1.4759
0.8799
0.8799
2.5457
-1.1932
-0.4813
-1.1219
-1.1219
-1.6671
1.9657
-0.5266
-0.5266
2.9515
-0.5266
-0.5266
2.4542
2.4542
1.8269
-0.5217
-0.5217
1.4461
2.4542
2.4542
2.4542
2.7455
2.7455
2.7455
2.5457
2.7455
-2.5430
-3.3690
-0.6645
-0.4794
-0.4794
-2.3467
-0.4794
-0.4794
-0.4794
-0.4794
-0.4794
-0.4794
2.4345
-1.1367
-0.8486
2.9515
2.2683
2.2683
-0.4688
-2.0208
-1.8082
-2.2031
2.5457
0.8799
1.7583
1.7583
2.1741
2.7495
1.7925
0.8799
-1.4270
2.1649
-1.5758
2.2683
-1.5758
-0.8217
0.1662
-0.4813
-0.1697
-0.1697
-0.6273
-1.4706
1.1379
-1.7363
2.0769
-0.1067
-0.7077
0.4454
1.6978
2.8326
1.5374
2.1647
-3.3164
-0.7484
-0.1112
-0.7484
-1.4295
-1.1367
2.9515
0.8799
2.2291
1.8671
-1.6885
1.8671
5.6695
2.2683
-0.5266
-0.2805
2.3403
2.5457
2.2789
2.6020
-0.4765
1.7583
2.9515
-1.7827
-1.1367
-1.1367
-2.4839
-1.9531
-1.1174
-1.7770
2.2379
2.6979
-3.0274
-0.1112
2.7119
-1.6502
-0.7122
2.5457
-0.4688
-1.9486
2.2807
-0.2774
2.7455
1.9274
-0.0180
-0.6453
-0.8054
0.8448
0.2175
2.4542
2.4542
2.4542
-1.3274
-0.4058
-0.5217
-1.9528
0.1662
-0.4611
2.5457
2.5457
2.5457
-2.0208
-3.1749
-3.1749
-3.1385
-0.8682
-1.6556
-0.8682
-1.6277
-1.6277
-1.6277
-0.8723
1.2404
-1.3909
-2.9171
-1.0296
2.9062
2.8409
2.4827
-1.1367
0.2371
-1.1367
1.3059
3.2456
2.2390
2.2390
2.1868
0.8799
-2.5061
-2.0283
-0.5217
-1.1367
-0.5094
2.2431
-1.5828
2.4345
2.7119
1.3809
1.8497
2.1271
2.0846
-0.9808
-1.9659
-1.9659
-0.9808
-0.1420
1.9184
0.1662
-0.1420
-0.9299
0.1662
-0.3026
-0.1420
2.0731
-1.6885
-0.5442
-0.9808
-1.7305
-0.1331
-0.9808
-0.9808
-0.4688
-0.8486
-0.2608
-1.1554
-0.2774
-0.3510
-0.9808
-0.5266
-0.8486
-1.3616
-1.2144
2.6020
2.1332
1.8146
3.1627
-0.4813
0.1662
0.1662
0.1662
-0.6601
-1.6096
-0.0303
-0.9331
-2.6208
-0.4946
-0.8100
-1.1193
0.2261
-1.4380
-0.6269
-1.6728
-1.8972
1.9105
-1.3028
-1.4936
2.7495
3.1553
2.5280
-1.9499
5.3472
3.1024
0.8799
0.8063
-0.5217
2.2683
-0.3082
1.4809
-0.8815
5.7548
-0.8815
-0.2849
-0.2849
-0.2849
-0.2849
-0.2849
2.8663
-1.1627
2.2683
-0.2849
-0.2849
-0.1246
-1.4660
-0.8628
-2.1729
2.7495
-0.5094
-0.5636
-1.2831
-1.7290
-0.3940
0.6628
0.6628
-0.8746
-0.5266
2.2468
0.8746
-0.9676
3.1659
-1.1443
0.1119
0.1119
0.1119
-1.6658
-1.9503
-0.5286
-0.5286
0.8195
-0.5286
-0.5286
-0.5286
-0.5286
-1.1559
-0.5286
-0.5286
-0.5286
2.5457
1.7583
2.5457
2.9515
-0.9053
2.7495
2.6105
-2.5052
-1.1367
2.9515
1.4496
-0.2162
2.5457
2.5457
-1.1490
2.9515
0.6137
1.7948
-1.2537
2.0769
1.4496
2.0769
-0.2849
-1.1472
-0.2849
-0.2849
-0.2849
-0.2849
-0.2849
-0.2849
-0.5643
-0.2849
-1.1477
-0.2849
-0.2849
-1.1477
-0.8486
-0.2849
-0.7122
-2.5417
2.9515
2.5457
-1.6268
2.9515
-1.1554
2.2683
-1.7827
1.0461
-0.9740
-1.0456
2.6865
-0.4788
-1.0005
-0.4788
-1.1520
0.1662
2.6020
5.8839
-1.0881
2.9515
-2.2923
-0.2172
2.5457
-1.3823
-0.4058
-0.4504
-3.3340
1.7995
-0.8864
0.8448
-2.1682
-1.4081
-1.4488
-2.2982
-2.2982
-2.2982
2.4310
-1.5898
6.2256
-2.2250
0.2038
-1.8609
2.3415
-1.1958
-1.1958
0.0881
1.7539
-1.1958
-1.1958
1.7539
-2.8126
-1.5898
-0.4688
0.7376
1.8514
3.1553
2.2683
-2.4057
2.6907
-1.1219
