-1.9450
0.5615
0.6284
1.0377
3.1217
0.6435
0.7862
-1.6145
-0.9203
-0.9872
-0.6273
-0.1623
-0.6273
0.4650
-0.1623
0.2545
-2.5100
-0.9630
-0.4140
-0.5217
-0.9203
-0.3852
-1.9650
-0.9872
-0.6273
-0.2679
-0.6273
2.2579
0.2383
-1.0573
-1.0573
-0.6273
0.5949
-0.9872
-0.6832
-1.6702
-1.3780
9.3185
-0.5609
-0.9872
0.4186
0.3594
0.3594
0.3594
0.4263
-1.7092
-1.3780
-0.9203
-1.2646
0.4650
-0.6273
-1.5950
-1.2646
-1.2646
0.0669
0.4650
-0.1623
-0.1623
-0.1623
-2.1524
-2.2809
-1.2335
0.7862
1.1456
-1.3204
-0.5609
-0.9630
1.1675
-1.5441
-0.9630
-2.1506
-2.5100
-1.8250
-2.3607
0.6514
1.1202
2.7799
2.8468
2.7799
-0.4688
2.7799
-1.1362
-0.5217
-0.5609
-1.2646
-2.3808
-0.2774
-0.5814
-0.5814
-0.5814
-0.5814
-0.5814
-0.5814
-0.9872
-0.9630
-1.3204
-1.4318
-1.4318
-1.4318
-1.3204
-1.4318
-1.6268
-2.5124
-0.9352
0.6666
0.6666
0.6666
0.6666
0.6666
0.6666
0.6666
0.6666
0.2383
0.7335
-1.3275
-2.1379
-2.1379
-2.3844
0.3892
0.0669
-1.7867
-0.5814
0.3694
0.9332
-0.5738
-0.5738
0.1717
-1.1490
-1.9502
-0.9872
2.9766
4.7251
4.2563
-0.5814
-1.3597
1.4193
-0.7054
-0.2626
-0.7843
-1.2646
-1.2493
-1.7334
-1.2646
-0.1623
-2.3469
0.0062
-0.5814
-0.7272
-0.3940
-0.3940
-0.9872
0.1435
-0.4688
-0.5814
-2.3607
-2.3469
-1.2646
-2.3469
-1.2646
-0.6220
-0.2626
-0.6258
-0.6258
-0.6220
-1.0908
3.4416
1.0241
2.8619
2.5025
-0.5814
-0.5814
0.3594
-0.4058
-0.6024
-0.2747
-1.2646
-1.5711
-2.3607
-1.9502
-1.2646
-1.4560
-1.2646
-1.2646
-0.9872
-1.2646
-1.9411
-1.2646
-1.9411
-2.4060
-3.7060
0.6015
-0.4058
-0.4058
-0.7074
0.8744
-1.5776
-1.2646
-0.4058
-1.3181
-1.2404
0.2928
-1.1355
-1.2404
0.2928
-1.7092
-1.1982
-1.1982
-1.1982
-1.7334
-1.1982
-0.6765
-1.1982
-1.4566
-0.4225
-0.4225
-0.4058
-2.1732
-1.1422
-0.5217
0.3903
-0.7058
-2.5226
-1.8919
2.9766
-1.8013
-0.4688
-0.4688
-0.0096
-0.4058
-0.3389
-1.4995
-0.8722
0.6129
0.6129
1.2497
-2.1295
-0.8485
-0.6273
-1.6145
-1.5809
-0.4058
-2.4253
-0.6686
-2.2823
-2.2823
-2.2823
-1.5016
-0.9203
-0.9872
-1.3724
-2.3469
-2.3469
-2.2800
-0.4058
-1.3179
-1.3179
-0.7458
-2.8031
-1.7602
-2.8031
-2.8031
-0.7458
-1.5645
-1.7169
-1.1329
-1.2724
-1.2055
-1.3731
1.3553
-0.9872
-0.9872
-0.9872
-0.9203
-1.4560
-1.7215
-0.9872
-1.9083
-1.0502
-2.0878
-0.4058
-1.6151
-0.3852
-0.3852
2.2169
2.5763
2.9111
-2.5583
0.6905
-2.2243
-2.2243
-0.5814
2.8442
0.3594
-0.9630
0.8744
2.4000
1.3394
0.5752
1.4063
0.5752
0.8744
0.8744
-0.1314
-0.6595
-0.6595
-1.1812
-1.0400
-2.1767
-2.1767
1.7388
1.7388
1.2700
1.7388
-1.4995
-1.4995
0.7676
-0.9872
0.6586
2.8558
0.5917
1.0260
0.6586
0.5917
1.3523
-1.6605
-1.2646
-1.2646
-1.2646
-0.9872
-3.0463
-0.9872
0.1229
-1.9549
-1.2646
-1.9592
-1.6588
-1.5776
-0.9872
-1.8919
1.7241
9.3910
1.3647
-1.4182
-2.4054
-2.4054
-0.8115
-2.0678
-0.5145
-0.9872
0.1948
-2.1440
-0.9840
0.8112
-1.6598
-0.5266
-0.5266
-3.6990
-1.8819
-2.2877
-1.8819
-1.8819
-0.5814
-1.7092
-1.2404
-1.7621
-1.8819
-0.6273
-1.6906
-0.9630
-1.2404
-0.5217
-0.5266
-0.5266
3.5972
3.8897
-0.4664
-0.4664
-0.4664
-0.4664
-1.6598
-2.2871
-0.7983
-2.7559
-0.5266
-1.1024
-0.5266
-0.9930
0.0062
0.0062
0.0062
0.0062
-0.7968
0.0062
0.0062
0.0062
0.0062
-0.4058
-0.5266
-0.5266
-0.5266
-0.4058
-0.4980
-0.4980
-0.9630
-0.6036
-0.3082
-0.3082
-1.0732
-0.4899
-0.1206
-0.2125
-0.4899
-0.2125
-2.3469
-0.3852
-0.3852
-0.4946
2.6156
-1.3275
1.7388
-0.9630
1.7388
0.0920
1.7388
-0.9872
-0.4058
0.2021
0.2021
-2.6354
-2.6354
-2.6354
-2.6354
-0.9872
-1.0331
-1.0331
1.1298
1.6651
2.1909
6.2533
2.7190
1.2893
-1.2646
2.3422
-2.1807
-0.5814
-1.7092
-1.7092
-1.2404
-1.2404
-1.7092
-1.7092
-2.6797
-1.7092
-1.1735
0.1907
0.2576
0.1907
0.1907
0.1292
-0.1687
-1.7079
-0.4058
-0.0464
-0.5904
-0.2370
-0.7058
-0.2747
-1.4995
0.3903
-1.8296
-1.8296
-1.8296
-0.9811
-1.7294
-0.5217
-1.8218
-2.2276
5.1275
0.7700
-2.2276
-1.4624
-2.3336
-2.3336
-1.3695
5.1275
-2.2276
-0.5814
-0.8030
-0.0496
-0.9840
-0.2370
-0.2370
-0.6273
-0.2370
-1.4895
-1.0245
-1.0245
-1.0245
-0.9601
-0.9872
-0.9872
-0.9203
-1.0966
-0.9872
-0.3693
-0.4891
-1.3735
1.3825
-0.4688
-2.4897
0.9074
-1.0502
2.9766
-1.0143
0.8744
2.9766
-1.2646
1.2352
-1.2404
-1.2404
-2.2527
0.2861
1.0667
3.0594
2.0722
3.5913
3.9507
3.0594
-0.2928
-0.4058
-0.5298
-1.9452
-1.6145
-1.6145
1.7147
0.7862
-0.5904
0.7862
0.7862
2.4740
-1.3499
-0.9872
-0.9872
-0.5609
0.1679
-0.5814
5.1275
-1.3275
-0.9203
-0.9872
-0.6278
-0.3949
-1.5239
-0.1551
-0.5609
-0.6278
-2.2527
-2.0164
-2.7215
-0.8722
-1.0966
-2.0209
-0.9872
-1.3275
0.3594
0.3594
-0.6739
-0.2051
0.3594
0.4263
-0.6273
0.8244
-0.2220
-1.1818
-0.8840
0.8291
-0.2747
-0.9052
-1.1818
-0.3082
-0.9630
-0.2110
1.5489
-1.1818
0.6197
-0.0096
2.4780
2.5906
-1.3172
1.7914
-0.9840
-0.9442
-1.6598
-1.3275
-0.3869
-0.9872
-0.2913
5.4869
-1.1381
1.2388
-1.6598
-0.9840
-1.6598
-0.9840
-0.5548
-1.7952
-0.5548
-2.2640
-2.6437
-2.0801
-1.9411
-0.9630
-1.0719
-1.6311
-0.6036
1.2388
-0.9872
-0.7927
-1.2615
-0.3082
-0.7927
-2.9076
-2.4388
-2.4388
-3.1217
-0.1623
-1.4756
-0.9872
-0.9203
-0.9872
-0.9872
1.2703
-1.0502
-1.1908
-0.9872
-0.9872
1.5789
0.4263
-0.9872
-1.9548
-0.4058
-0.9872
-0.9203
-1.9548
-1.9548
-2.4236
1.2388
-1.9548
-1.4299
-0.4688
-0.4688
-2.9076
-1.0273
-0.9872
-0.9872
-0.9872
-3.3834
-0.9872
7.1090
1.2388
0.0865
1.2388
-0.4512
1.2388
-0.5814
3.0435
-0.9203
-1.9707
1.2703
-1.6598
-0.9622
-1.3172
-1.9502
-1.5239
-1.4560
-0.2975
10.4155
-0.5266
-0.5266
-0.5266
-1.5016
-2.3985
-2.2800
-0.4058
-0.4058
-0.4055
-0.0461
-0.4055
-0.4055
0.3903
-1.3634
-0.4055
-0.4055
1.8038
-0.5266
2.3107
3.0208
3.0208
1.2352
1.8844
-0.9872
-0.9872
-0.8179
-2.1286
-0.8179
-0.8179
-0.8179
-0.3395
-0.8179
-1.6598
-2.6823
-1.9411
-1.9411
0.3903
4.0242
-1.9411
0.3903
3.0375
-1.9411
0.3903
-3.0662
-1.3724
3.4858
3.4858
-1.9704
-1.5016
-0.4688
-1.9704
-1.1911
-1.8107
-0.2774
-0.2224
3.0594
-0.6645
-0.6645
-0.6645
-0.0096
-0.3435
-0.3435
-0.5217
-2.6084
7.3623
-0.2913
-0.9622
-1.3410
-1.3172
-1.3276
0.1118
0.1787
-0.4829
0.0062
0.0062
-1.1673
-1.4560
0.7226
5.1770
0.9905
0.1254
-1.1931
0.1254
0.9710
0.3903
0.3903
-1.5842
-0.3768
-0.8485
-0.9203
-0.9662
2.5460
-0.6751
-0.6737
-0.9088
-1.0742
-1.9683
-0.4058
-0.4058
-1.6498
-0.4058
-0.4058
1.8208
1.4614
1.4614
-0.9203
-1.2248
-0.6278
-1.7660
-2.2877
-1.5239
0.3903
-0.7927
-0.2370
-0.2370
-0.7058
-0.2370
0.3450
0.8368
0.4555
0.8744
-1.8981
-1.9650
-1.5016
-1.9704
-1.8981
-1.9650
-1.5016
-1.5016
-0.5814
-1.8819
-1.5016
0.3903
-0.1945
-0.8540
-0.1945
0.3903
-1.6654
0.3903
-0.1276
-0.8218
-0.8218
-1.5660
-1.3179
-1.2906
-1.6792
-1.2906
0.1129
0.1129
-0.3728
-2.5923
-1.5016
-1.3735
-1.5016
-0.8227
-1.5016
0.3903
-0.6273
-1.8981
-0.4980
-1.9650
0.3903
-1.9650
-1.6913
-1.9650
-1.9650
-0.5036
-0.8540
-0.3183
-0.3852
-0.5814
-1.5954
-0.5145
0.4263
-0.8883
-1.0449
0.1120
-0.4728
10.0051
-0.4058
-0.4058
-0.6832
-0.6832
-0.6832
-0.4484
-0.8652
-0.8652
-2.5354
-0.5190
-0.9840
-1.4326
-0.8652
-2.0033
-2.0033
-0.5190
-0.5190
-1.3271
-2.0033
-2.4721
-2.0033
1.1015
0.8241
1.1015
-0.8077
0.8948
-0.5623
-0.6789
-1.3780
-1.3780
-1.3780
-1.7215
-2.0479
-1.5856
-1.7215
-1.5856
-1.3780
-1.3276
-1.3780
-1.2592
1.7388
1.7388
-1.2843
-1.2843
2.1616
0.6110
-1.7215
-1.7215
-2.0479
-1.7215
-1.7215
-2.0479
-0.5814
-0.8563
1.1202
1.1202
-2.8411
-2.7866
-0.5814
-2.7866
0.3594
-0.7927
-0.1094
-1.9083
-0.8485
-1.3780
-1.3780
-2.0479
-1.3780
-2.5805
-1.3780
-1.3780
-1.3780
-1.7215
-1.3780
-1.3780
-1.3780
-1.3780
-0.8563
-1.3780
-0.0096
-1.3780
8.6618
-2.1695
1.8682
-1.7215
-0.2317
-0.6818
-2.8000
0.4650
-0.7866
-3.1447
-0.8380
-2.6759
-3.1447
-1.8833
-1.8833
-1.9502
-1.7469
-0.9088
-0.9775
-1.1722
-1.6820
-0.2849
-0.6997
-1.5016
-2.0414
-0.5604
-0.6273
-1.2404
-0.7910
-2.0988
-2.4582
-1.6598
-1.1490
0.2435
-2.5124
-0.5814
-0.7034
0.9929
-0.2849
-0.2849
-0.2849
-0.2180
-0.5643
-0.6720
-0.2849
-0.2849
-0.2849
-0.3614
-1.6598
-0.5266
-2.3607
-1.7019
-0.9872
-0.9872
-1.2335
0.0766
-1.1490
0.1435
-0.4058
-0.8743
-0.9513
1.2352
-0.6163
2.6693
2.6693
2.6693
-0.5814
3.4188
0.3521
-0.3833
0.4577
-1.4560
-2.4236
-1.7963
-0.9872
-0.9872
-1.4560
3.0594
3.0594
-1.3702
-0.8722
-0.9872
-0.4058
-1.6637
0.3903
-1.2646
-2.0538
1.4189
0.3833
-1.0701
-1.0701
-3.2091
0.3074
0.3074
0.8291
-0.0662
0.3074
0.4056
-0.6278
1.2388
1.2388
2.6895
2.6895
-0.4019
1.4063
-0.2326
-0.2072
2.2736
2.6330
2.5510
-2.8497
1.1202
1.1202
-0.5217
-1.9502
-1.9502
-0.9248
-0.9930
-0.9930
-0.9930
-0.9930
0.2383
1.6966
-0.9599
0.5531
2.9766
-0.9599
-1.5107
0.3498
-0.9872
0.8744
0.9413
1.3394
0.8744
0.4511
0.8744
0.8744
-2.4677
-2.4677
0.1798
3.4416
-0.2724
-0.8043
0.0870
-0.5609
0.0870
0.0870
-2.1083
0.4875
3.3360
-1.4995
-0.8883
-0.9840
-0.2370
-0.9872
0.5311
-1.9502
-0.9872
-1.8546
-1.3955
-1.9502
-1.5444
-1.9502
-0.6036
-0.5145
-0.0633
-0.4690
1.1833
0.3903
-0.9872
-0.5814
-0.2220
2.5250
-0.9872
-0.4994
-0.9203
-0.9872
-0.9840
-0.0785
-1.5016
-1.1422
-1.5908
-0.9872
-1.4182
-0.8549
-0.4058
-0.0214
-1.7334
-0.3871
-2.4472
-1.4560
-1.0297
-0.5609
-0.1292
1.7388
-0.3940
-0.7034
-1.6539
1.2388
1.2388
-1.4560
-2.1903
-0.2370
-0.2370
-0.5609
-2.6148
-0.5609
-2.1980
-1.8374
-1.7867
-0.9811
-0.8563
-2.7559
-0.8563
-0.4058
-1.2592
3.0594
1.2388
1.2388
1.2388
1.2388
-2.3985
-0.9872
-0.6273
-0.9203
-1.5016
-1.5016
-1.5016
-1.2646
-1.5016
-0.9121
0.8015
1.2703
0.7862
-0.9052
-2.7869
-2.3181
2.3506
1.4593
1.3656
-0.3852
-0.9203
-2.3469
-1.0502
-0.5217
-1.0502
-0.9872
-0.9872
-0.5814
0.4650
-0.9872
-0.9872
-2.5566
-0.9872
-1.4560
-0.4058
-0.9872
-0.9157
-1.2615
3.9510
1.7388
-2.8582
-0.8383
-0.5145
0.1215
1.0212
0.9543
0.8744
0.8903
0.3686
1.7388
1.7388
1.7388
0.8903
1.7388
-0.5814
0.4215
-0.5814
5.2851
0.8903
5.9776
-0.5609
-0.6273
-0.5814
-2.0209
-0.6939
-0.6939
-0.7708
-0.9872
-0.6278
-0.5145
-1.8792
-0.3852
-1.3894
-0.3852
-0.3852
-1.3845
-1.2646
-1.7466
-0.7801
-2.4882
-0.4058
-1.9278
-0.9052
-0.4688
-1.0263
-1.0263
-0.9872
-1.2430
-0.1542
3.8595
2.9148
-0.9872
2.3791
-0.9872
-0.4058
-0.5814
-2.3336
-1.4560
-1.5617
-0.9491
-1.8218
-0.9203
-0.9872
-0.5904
-1.8563
0.4650
-0.6840
-0.5814
-1.8225
-0.9872
-1.6974
-2.3469
-2.3469
-2.1167
-0.6273
-1.3275
-1.5908
-0.2370
-0.2370
-1.4925
-0.5609
-0.5609
-0.9872
-0.3389
0.8744
2.9766
2.9766
-0.3393
-2.6964
-0.5266
-0.5266
-0.5814
-0.5266
-0.5266
-1.2843
-1.2843
-1.9116
-0.5217
-0.5217
-2.2924
-1.2843
-1.2843
-1.2843
-0.9930
-0.9930
-0.9930
-0.9872
-0.9930
-0.3609
3.7192
-1.5109
-1.1711
-1.1711
1.0574
-1.1711
-1.1711
-1.1711
-1.1711
-1.1711
-1.1711
-2.2276
-0.2370
-0.8652
-0.5814
-1.2646
-1.2646
-0.4688
-2.0538
-1.8248
5.3503
-0.9872
-0.5609
-0.9203
-0.9203
-1.3588
-2.3469
-0.8861
-0.5609
-1.4434
-1.3680
5.9776
-1.2646
5.9776
0.5340
-0.9630
0.8744
-0.3342
-0.3342
-0.6273
8.6697
0.7094
2.7863
-1.4560
-0.2712
0.3656
-1.0400
-1.0130
-1.1889
-3.5590
-2.9317
-1.2409
-2.3663
-1.2404
-2.3663
1.5453
-0.2370
-0.5814
-0.5609
-2.5566
-0.6336
-1.7215
-0.6336
-1.5776
-1.2646
-0.5266
1.3809
0.4688
-0.9872
-1.7831
0.7862
0.9119
-0.9203
-0.5814
-2.1984
-0.2370
-0.2370
-0.3464
-0.2418
1.3458
-0.8141
0.4221
-2.0878
-0.9517
-1.2404
-1.9502
0.5319
-0.6036
-0.9872
-0.4688
0.1435
-2.8157
-0.2774
-0.9930
-1.2803
-0.2747
-0.9020
-0.2078
-0.7397
-1.3670
-1.2843
-1.2843
-1.2843
-1.8325
-0.4058
-0.5217
-0.8999
-0.9630
-1.5903
-0.9872
-0.9872
-0.9872
-2.0538
-2.4588
-2.4588
1.4168
-1.3251
-1.2582
-1.3251
-1.6607
-1.6607
-1.6607
0.8428
-0.7295
-0.1219
6.9788
0.8921
-1.1558
0.2480
-1.0701
-0.2370
-2.2181
-0.2370
-2.0036
-2.7779
-1.4995
-1.4995
0.0852
-0.5609
-1.3013
-1.6627
-0.5217
-0.2370
0.3903
-2.4190
3.1414
-2.2276
-1.9502
-3.2812
-2.8124
-2.5350
-2.5775
-1.3965
-1.9989
-1.9989
-1.3965
-1.2712
-1.6145
-0.9630
-1.2712
-2.0591
-0.9630
-1.4318
-1.2712
-0.2220
-1.7215
0.9679
-1.3965
-2.1462
0.8069
-1.3965
-1.3965
-0.4688
-0.8652
-0.6765
-1.5711
-0.2774
-0.5155
-1.3965
-0.5266
-0.8652
-1.3780
3.1263
0.7862
0.3174
0.8531
1.2699
0.8744
-0.9630
-0.9630
-0.9630
-0.8246
3.1146
1.7731
4.9692
3.1696
2.2735
0.5457
4.0014
-2.2645
0.4356
1.1101
1.0107
-0.0236
-2.0209
-1.3028
-1.4936
-2.3469
-1.9411
-2.5684
1.9863
-1.9283
-3.1447
-0.5609
-2.1980
-0.5217
-1.2646
-0.3082
-1.1977
-1.3702
-1.5365
-1.3702
-0.2849
-0.2849
-0.2849
-0.2849
-0.2849
-0.8722
-0.7241
-1.2646
-0.2849
-0.2849
-1.9035
6.4648
0.4650
-0.9681
-2.3469
0.3903
-0.5636
0.1053
-0.3570
-0.3940
-1.9704
-1.9704
-0.8746
-0.5266
-1.2861
-1.8040
-0.9840
-0.3869
-1.7003
-1.2984
-1.2984
-1.2984
0.4263
-0.9143
-1.1818
-1.1818
-0.7650
-1.1818
-1.1818
-1.1818
-1.1818
-1.8091
-1.1818
-1.1818
-1.1818
-0.9872
-0.9203
-0.9872
-0.5814
-0.9217
-2.3469
0.4461
-1.3004
-0.2370
-0.5814
-2.0833
-1.6570
-0.9872
-0.9872
-1.1490
-0.5814
-1.6814
-0.8838
-0.4316
-1.4560
-2.0833
-1.4560
-0.2849
-0.7816
-0.2849
-0.2849
-0.2849
-0.2849
-0.2849
-0.2849
-0.5643
-0.2849
0.1801
-0.2849
-0.2849
0.1801
-0.8652
-0.2849
-0.6036
1.9124
-0.5814
-0.9872
-1.6598
-0.5814
-1.5711
-1.2646
-2.1984
-1.5239
-0.7754
-0.0096
-2.4298
-2.0033
-2.5250
-2.0033
-1.1520
-0.9630
0.7862
-1.3831
-2.2173
-0.5814
2.0103
-1.3464
-0.9872
1.1871
-0.4058
2.1671
0.0271
-1.7334
0.5020
-0.7397
3.8838
-0.0197
2.6497
-2.3312
-2.3312
-2.3312
-2.6264
-1.5898
-2.2877
2.2976
-1.3597
2.6617
-2.3405
-1.1958
-1.1958
-2.4819
-2.9082
-1.1958
-1.1958
-2.9082
-1.4406
-1.5898
-0.4688
-3.1720
-1.6629
-1.9411
-1.2646
-1.9708
-1.2579
2.9766
3.1706
-0.0029
0.9183
1.9856
6.8903
2.5546
-0.7197
-1.6145
-0.0660
-0.9872
-0.6273
-0.6049
-0.6273
0.0224
-0.6049
-1.1503
-1.5827
-0.0357
-0.3786
-0.1952
-0.0660
-0.4177
1.0131
-0.9872
-0.6273
2.2076
-0.6273
5.7255
0.2737
0.6230
0.6230
-0.6273
0.1142
-0.9872
-0.6832
-1.7180
-1.0685
11.9191
2.7689
-0.9872
2.4515
2.8349
2.8349
2.8349
3.7561
1.5702
-1.0685
-0.0660
-1.2646
0.0224
-0.6273
-1.6258
-1.2646
-1.2646
0.9212
0.0224
-0.6049
-0.6049
-0.6049
-1.2251
-1.3536
0.8298
-0.7197
2.1152
-1.3204
2.7689
-0.0357
-0.8657
3.4780
-0.0357
1.2522
-1.5827
-0.9707
-0.0086
2.5340
0.6507
0.7467
1.6679
0.7467
1.8833
0.7467
4.5457
-0.1952
2.7689
-1.2646
-1.4535
-0.2774
-0.5814
-0.5814
-0.5814
-0.5814
-0.5814
-0.5814
-0.9872
-0.0357
-1.3204
1.8476
1.8476
1.8476
-1.3204
1.8476
-1.6617
0.7670
1.4169
0.7020
0.7020
0.7020
0.7020
0.7020
0.7020
0.7020
0.7020
0.2737
1.6232
-1.0351
-0.4576
-0.4576
-2.4169
0.4246
0.9212
0.5654
-0.5814
1.2591
3.0015
0.3889
0.3889
3.9044
-0.8225
-1.0229
-0.9872
1.5059
4.6829
6.5662
-0.5814
-0.4324
3.0487
4.5616
2.2129
-1.2269
-1.2646
-1.2493
0.6187
-1.2646
-0.6049
-1.4196
0.5610
-0.5814
-0.7272
-0.3940
-0.3940
-0.9872
3.4733
1.8833
-0.5814
-0.0086
-1.4196
-1.2646
-1.4196
-1.2646
-0.6220
2.2129
1.2837
1.2837
-0.6220
1.2613
1.5283
-0.4818
3.3042
0.4693
-0.5814
-0.5814
2.8349
-0.4058
2.2848
-0.7498
-1.2646
-1.6036
-0.0086
-1.0229
-1.2646
0.8961
-1.2646
-1.2646
-0.9872
-1.2646
-1.0138
-1.2646
-1.0138
-1.4787
-2.7787
-1.2668
-0.4058
-0.4058
-0.7399
0.3937
-1.5776
-1.2646
-0.4058
3.5095
-0.3131
0.1023
-0.8090
-0.3131
0.1023
1.5702
-0.9042
-0.9042
-0.9042
0.6187
-0.9042
-0.7090
-0.9042
-1.4566
-0.4225
-0.4225
-0.4058
-1.8775
0.6735
-0.1952
-0.2695
0.9865
0.1219
-1.8919
1.5059
2.4558
1.8833
1.8833
2.8445
-0.4058
0.5154
-1.4995
-0.8722
-1.1183
-1.1183
1.9940
0.5150
-0.8793
-0.6273
-1.6145
1.0977
-0.4058
3.0260
-0.6686
0.3963
0.3963
0.3963
-2.1614
-0.0660
-0.9872
-1.4049
-1.4196
-1.4196
-0.4984
-0.4058
-1.3179
-1.3179
-0.7458
-2.8509
-1.7602
-2.8509
-2.8509
-0.7458
-0.1075
-1.3904
-1.1329
-1.2724
-0.3512
-1.3731
-0.8185
-0.9872
-0.9872
-0.9872
-0.0660
0.8961
-1.4291
-0.9872
-1.9083
1.3019
1.3150
-0.4058
2.6420
-0.4177
-0.4177
3.5418
6.3767
5.0903
-1.6310
-0.2980
-0.1028
-0.1028
-0.5814
4.1691
2.8349
-0.0357
0.3937
0.9293
0.4161
0.0945
1.3373
0.0945
0.3937
0.3937
-0.4647
-1.3193
-1.3193
-1.5145
-1.6998
0.1754
0.1754
0.0384
0.0384
1.9217
0.0384
-1.4995
-1.4995
2.6141
-0.9872
0.0070
6.6562
-0.9142
3.5369
0.0070
-0.9142
3.5918
-1.6605
-1.2646
-1.2646
-1.2646
-0.9872
0.2331
-0.9872
0.9691
0.3972
-1.2646
-1.0319
-1.6913
-1.5776
-0.9872
-1.8919
5.7835
5.3023
2.9486
-0.4909
-1.4781
-1.4781
0.0782
-2.0678
0.3398
-0.9872
1.7081
-0.3624
-0.6745
1.0181
-1.3674
-0.5266
-0.5266
-2.7717
-0.9546
-1.3604
-0.9546
-0.9546
-0.5814
1.5702
-0.3131
-0.5083
-0.9546
-0.6273
0.0222
-0.0357
-0.3131
-0.1952
-0.5266
-0.5266
4.0286
5.9423
-0.4664
-0.4664
-0.4664
-0.4664
-1.3674
-1.9947
0.3654
-0.1114
-0.5266
3.7252
-0.5266
-0.9930
0.5610
0.5610
0.5610
0.5610
-0.2420
0.5610
0.5610
0.5610
0.5610
-0.4058
-0.5266
-0.5266
-0.5266
-0.4058
-0.0133
-0.0133
-0.0357
2.7992
-0.3082
-0.3082
2.2566
0.5245
-0.5632
0.8019
0.5245
0.8019
-1.4196
-0.4177
-0.4177
4.3005
1.1697
-1.0351
0.0384
-0.0357
0.0384
2.3848
0.0384
-0.9872
-0.4058
1.4674
1.4674
-2.3738
-2.3738
-2.3738
-2.3738
-0.9872
-1.0331
-1.0331
-0.9342
4.3659
1.1852
3.0063
1.6077
4.4507
-1.2646
1.2309
9.4475
-0.5814
1.5702
1.5702
-0.3131
-0.3131
1.5702
1.5702
0.5997
1.5702
0.6081
7.3208
8.2420
7.3208
7.3208
9.5438
4.4859
-1.7079
-0.4058
2.4291
-0.5904
-0.8968
0.9865
-0.7498
-1.4995
-0.2695
-1.5339
-1.5339
-1.5339
-0.6546
1.7694
-0.1952
-0.8945
-1.3003
2.0247
2.4931
-1.3003
1.9404
-1.4063
-1.4063
1.4846
2.0247
-1.3003
-0.5814
-0.8030
-1.0118
-0.6745
-0.8968
-0.8968
-0.6273
-0.8968
0.6953
0.7177
0.7177
0.7177
1.5154
-0.9872
-0.9872
-0.0660
3.7310
-0.9872
1.0877
2.7101
0.9786
2.6686
1.8833
4.1195
3.2487
1.3019
1.5059
5.9924
0.3937
1.5059
-1.2646
-0.2924
-0.3131
-0.3131
-1.3254
3.7953
-0.9665
1.0262
0.0390
1.9698
4.8047
1.0262
-0.2928
-0.4058
-1.1896
-1.9452
-1.6145
-1.6145
2.0164
-0.7197
-0.5904
-0.7197
-0.7197
0.3174
-0.4226
-0.9872
-0.9872
2.7689
0.8213
-0.5814
2.0247
-1.0351
-0.0660
-0.9872
1.8477
-0.3949
2.7332
3.1747
2.7689
1.8477
-1.3254
1.1900
0.5579
-0.8722
3.7310
2.2362
-0.9872
-1.0351
2.8349
2.8349
5.4109
3.5276
2.8349
3.7561
-0.6273
2.8573
2.2535
-0.6578
3.9436
-0.6985
-0.7498
1.5703
-0.6578
-0.3082
-0.0357
1.3023
0.8193
-0.6578
1.0163
2.8445
0.4448
2.9095
-1.0077
1.9430
-0.6745
-0.6177
-1.3674
-1.0351
-0.3869
-0.9872
-0.2913
4.8596
-1.1722
0.6098
-1.3674
-0.6745
-1.3674
-0.6745
-0.5548
-0.8679
-0.5548
1.0154
-1.7472
0.5815
-1.0138
-0.0357
-1.1044
1.3755
2.7992
0.6098
-0.9872
-0.7927
1.0906
-0.3082
-0.7927
0.3410
-1.5423
-1.5423
-2.2252
-0.6049
-1.4756
-0.9872
-0.0660
-0.9872
-0.9872
1.0343
1.3019
4.7993
-0.9872
-0.9872
0.0730
3.7561
-0.9872
-1.6624
-0.4058
-0.9872
-0.0660
-1.6624
-1.6624
0.2209
0.6098
-1.6624
-1.4607
1.8833
1.8833
0.3410
2.3025
-0.9872
-0.9872
-0.9872
2.3407
-0.9872
2.2326
0.6098
6.0913
0.6098
0.3487
0.6098
-0.5814
2.4271
-0.0660
-1.6612
1.0343
-1.3674
0.7506
-1.0077
-1.0229
2.7332
0.8961
-0.2975
3.8822
-0.5266
-0.5266
-0.5266
-2.1614
-2.3985
-0.4984
-0.4058
-0.4058
-0.4055
2.4294
-0.4055
-0.4055
-0.2695
3.4334
-0.4055
-0.4055
0.7981
-0.5266
3.3945
1.3226
1.3226
-0.2924
-0.3616
-0.9872
-0.9872
-0.8179
0.5159
-0.8179
-0.8179
-0.8179
-0.3395
-0.8179
-1.3674
-1.7550
-1.0138
-1.0138
-0.2695
2.1741
-1.0138
-0.2695
-1.2881
-1.0138
-0.2695
-1.8294
-1.4049
1.3450
1.3450
-0.2781
-2.1614
1.8833
-0.2781
-1.1911
-0.1287
-0.2774
3.5882
1.0262
-0.6645
-0.6645
-0.6645
2.8445
-0.3606
-0.3606
-0.1952
0.0317
3.4170
-0.2913
0.7506
1.0111
-1.0077
1.0245
0.1472
1.0684
2.5166
0.5610
0.5610
2.1147
0.8961
3.8498
5.4040
1.6422
0.7788
-0.8666
0.7788
4.9542
-0.2695
-0.2695
-0.3189
-0.3768
-0.8793
-0.0660
-0.1119
5.4113
1.3578
1.8018
-0.5823
4.0038
0.3838
-0.4058
-0.4058
-1.6823
-0.4058
-0.4058
2.5959
-0.2390
-0.2390
-0.0660
2.5160
1.8477
-0.8387
-1.0339
2.7332
-0.2695
-0.7927
-0.8968
-0.8968
0.9865
-0.8968
1.8170
0.2078
-0.3239
0.3937
1.9343
1.0131
-2.1614
-0.2781
1.9343
1.0131
-2.1614
-2.1614
-0.5814
-0.9546
-2.1614
-0.2695
1.3305
1.4656
1.3305
-0.2695
0.5194
-0.2695
2.2517
0.7032
0.7032
3.2616
-1.3179
2.5865
0.9609
2.5865
-0.5469
-0.5469
0.0389
0.3858
-2.1614
0.9786
-2.1614
1.6528
-2.1614
-0.2695
-0.6273
1.9343
-0.0133
1.0131
-0.2695
1.0131
0.0215
1.0131
1.0131
0.7617
1.4656
0.5035
-0.4177
-0.5814
1.1725
0.3398
3.7561
0.4356
3.7827
1.4756
3.0756
2.8743
-0.4058
-0.4058
-0.6832
-0.6832
-0.6832
-1.1012
-0.5558
-0.5558
-2.2738
-0.6521
-0.6745
-0.5783
-0.5558
1.7427
1.7427
-0.6521
-0.6521
-0.3998
1.7427
3.6260
1.7427
0.1702
-0.1072
0.1702
2.3987
0.2891
-0.5623
-0.6789
-1.0685
-1.0685
-1.0685
-1.4291
-1.8053
-1.3260
-1.4291
-1.3260
-1.0685
-0.4003
-1.0685
-0.9498
0.0384
0.0384
-1.2843
-1.2843
4.8128
2.4575
-1.4291
-1.4291
-1.8053
-1.4291
-1.4291
-1.8053
-0.5814
-0.8733
0.6507
0.6507
-1.9906
-1.8593
-0.5814
-1.8593
2.8349
-0.7927
4.7182
-1.9083
-0.8793
-1.0685
-1.0685
-1.8053
-1.0685
-1.6532
-1.0685
-1.0685
-1.0685
-1.4291
-1.0685
-1.0685
-1.0685
-1.0685
-0.8733
-1.0685
2.8445
-1.0685
4.3870
-1.2798
4.1568
-1.4291
-0.6743
1.5624
-0.1555
0.0224
0.9262
-0.7926
-0.5397
-2.6759
-0.7926
-0.1017
-0.1017
-1.0229
2.3887
-0.5823
-0.9775
0.5201
1.7208
-0.2849
-1.6944
-2.1614
-1.1141
0.2939
-0.6273
-0.3131
-0.8235
4.9436
2.1087
-1.3674
-0.8225
9.5610
0.7670
-0.5814
-1.3632
0.7569
-0.2849
-0.2849
-0.2849
0.6363
-0.5643
-0.6720
-0.2849
-0.2849
-0.2849
0.4929
-1.3674
-0.5266
-0.0086
-0.0216
-0.9872
-0.9872
2.3887
2.5521
-0.8225
3.4733
-0.4058
-1.5341
5.0571
-0.2924
0.2380
4.4533
4.4533
4.4533
-0.5814
3.8611
2.2273
-0.9836
-0.5852
0.8961
0.2209
0.8482
-0.9872
-0.9872
0.8961
1.0262
1.0262
-1.0745
-0.8722
-0.9872
-0.4058
-1.6962
-0.2695
-1.2646
-1.7614
5.4004
1.1832
-1.0701
-1.0701
-0.0970
-0.8937
-0.8937
-0.6985
0.9733
-0.8937
2.2770
1.8477
0.6098
0.6098
4.4000
4.4000
2.8045
1.3373
7.2055
2.0856
0.2468
3.0817
0.5242
2.7379
0.6507
0.6507
-0.1952
-1.0229
-1.0229
-0.9248
-0.9930
-0.9930
-0.9930
-0.9930
0.2737
4.7904
3.8954
1.2390
1.5059
3.8954
-0.6564
5.6794
-0.9872
0.3937
1.3149
0.4161
0.3937
7.3651
0.3937
0.3937
0.1768
0.1768
-1.4422
1.5283
0.1393
-0.8043
2.9742
2.7689
2.9742
2.9742
3.0117
0.0068
4.3408
-1.4995
0.4356
-0.6745
-0.8968
-0.9872
6.7393
-1.0229
-0.9872
2.4025
2.8616
-1.0229
-0.6171
-1.0229
2.7992
0.3398
1.1081
2.3851
3.4776
-0.2695
-0.9872
-0.5814
2.2535
-1.3580
-0.9872
1.9761
-0.0660
-0.9872
-0.6745
1.6138
-2.1614
0.6735
1.8120
-0.9872
-0.4909
-0.5284
-0.4058
4.1669
0.6187
-0.3871
-1.5199
0.8961
4.6522
2.7689
0.9546
0.0384
-0.3940
-1.3632
-1.4113
0.6098
0.6098
0.8961
0.4542
-0.8968
-0.8968
2.7689
0.7880
2.7689
2.0591
-1.5279
0.5654
-0.6546
-0.8733
-0.1114
-0.8733
-0.4058
-0.9498
1.0262
0.6098
0.6098
0.6098
0.6098
-2.3985
-0.9872
-0.6273
-0.0660
-2.1614
-2.1614
-2.1614
-1.2646
-2.1614
-0.9121
2.9176
1.0343
-0.7197
1.5703
1.9767
0.0934
3.5374
-0.2411
0.6596
-0.4177
-0.0660
-1.4196
1.3019
-0.1952
1.3019
-0.9872
-0.9872
-0.5814
0.0224
-0.9872
-0.9872
3.1983
-0.9872
0.8961
-0.4058
-0.9872
-0.5892
1.0906
4.7240
0.0384
0.7477
2.4915
0.3398
-0.3382
3.8703
2.9491
0.3937
-0.8409
-1.0361
0.0384
0.0384
0.0384
-0.8409
0.0384
-0.5814
1.0424
-0.5814
8.5790
-0.8409
1.2513
2.7689
-0.6273
-0.5814
2.2362
1.7491
1.7491
-0.7708
-0.9872
1.8477
0.3398
-1.8792
-0.4177
-1.4219
-0.4177
-0.4177
1.2941
-1.2646
-0.8193
2.1801
-0.7066
-0.4058
-1.0005
1.5703
1.8833
-0.9909
-0.9909
-0.9872
-1.9128
13.8085
8.3293
11.9902
-0.9872
12.9523
-0.9872
-0.4058
-0.5814
-1.4063
0.8961
-1.8950
-0.9491
-0.8945
-0.0660
-0.9872
-0.5904
-1.8871
0.0224
-0.8001
-0.5814
-1.8225
-0.9872
-1.6974
-1.4196
-1.4196
-1.8210
-0.6273
-1.0351
1.8120
-0.8968
-0.8968
-1.1831
2.7689
2.7689
-0.9872
0.5154
0.3937
1.5059
1.5059
-0.7819
0.5830
-0.5266
-0.5266
-0.5814
-0.5266
-0.5266
-1.2843
-1.2843
-1.9116
-0.1952
-0.1952
-0.5796
-1.2843
-1.2843
-1.2843
-0.9930
-0.9930
-0.9930
-0.9872
-0.9930
1.2807
10.4615
0.5524
-1.2019
-1.2019
7.9349
-1.2019
-1.2019
-1.2019
-1.2019
-1.2019
-1.2019
-1.3003
-0.8968
-0.5558
-0.5814
-1.2646
-1.2646
1.8833
-1.7614
-1.5154
0.6240
-0.9872
2.7689
-0.0660
-0.0660
-1.3588
-1.4196
-0.0318
2.7689
-1.1339
0.3448
1.2513
-1.2646
1.2513
0.9752
-0.0357
0.3937
1.1425
1.1425
-0.6273
2.3827
3.8032
-0.2831
0.8961
0.2836
3.3959
-1.6998
1.4300
6.2160
-0.4469
0.1804
4.7504
-1.4698
-0.3131
-1.4698
2.5149
-0.8968
-0.5814
2.7689
3.1983
1.8419
-1.4291
1.8419
-1.5776
-1.2646
-0.5266
-0.6411
-1.5532
-0.9872
-1.7477
-0.7197
0.2829
-0.0660
-0.5814
-2.2309
-0.8968
-0.8968
3.8214
7.4962
-0.3546
3.4430
-1.0838
1.3150
2.6876
-0.3131
-1.0229
0.9436
2.7992
-0.9872
1.8833
3.4733
0.4637
-0.2774
-0.9930
1.9615
-0.7498
-1.3771
0.1714
-0.7722
-1.3995
-1.2843
-1.2843
-1.2843
-1.5538
-0.4058
-0.1952
2.7912
-0.0357
-0.6630
-0.9872
-0.9872
-0.9872
-1.7614
0.2783
0.2783
5.3983
0.2645
1.1857
0.2645
-1.3683
-1.3683
-1.3683
0.3733
2.6357
3.6108
5.6059
2.7538
-1.1204
-1.2796
-1.0701
-0.8968
1.2763
-0.8968
-1.0763
-1.8506
-1.4995
-1.4995
0.1206
2.7689
1.4666
-0.5127
-0.1952
-0.8968
-0.2695
0.8604
7.4667
-1.3003
-1.0229
2.1830
0.2997
0.5771
-1.6502
-1.4290
-1.7065
-1.7065
-1.4290
-0.3439
-1.6145
-0.0357
-0.3439
1.2203
-0.0357
1.8476
-0.3439
2.2535
-1.4291
-0.0206
-1.4290
0.1734
-0.7207
-1.4290
-1.4290
1.8833
-0.5558
-0.7090
-1.6036
-0.2774
0.3658
-1.4290
-0.5266
-0.5558
-1.0685
1.9474
-0.7197
1.1636
0.2015
-0.3439
0.3937
-0.0357
-0.0357
-0.0357
0.0204
3.8471
2.2342
2.6174
1.1136
4.7142
0.0650
3.0389
-1.0107
0.9824
1.9563
0.0874
0.5232
2.2362
-0.9763
1.0177
-1.4196
-1.0138
-1.6411
7.8383
1.4745
-0.7926
2.7689
2.0591
-0.1952
-1.2646
-0.3082
-0.3434
-1.0745
-1.5365
-1.0745
-0.2849
-0.2849
-0.2849
-0.2849
-0.2849
-0.8722
0.0977
-1.2646
-0.2849
-0.2849
0.6431
1.1618
0.0224
1.7998
-1.4196
-0.2695
-0.5636
-0.5237
-1.0030
-0.3940
-0.2781
-0.2781
1.4775
-0.5266
-1.2861
1.2351
-0.6745
-0.3869
2.4334
-0.3711
-0.3711
-0.3711
3.7561
1.9398
-0.6578
-0.6578
-1.2032
-0.6578
-0.6578
-0.6578
-0.6578
-1.2851
-0.6578
-0.6578
-0.6578
-0.9872
-0.0660
-0.9872
-0.5814
-0.9387
-1.4196
-0.1829
1.4675
-0.8968
-0.5814
0.2688
4.0249
-0.9872
-0.9872
-0.8225
-0.5814
5.3310
1.4275
2.0114
0.8961
0.2688
0.8961
-0.2849
0.0419
-0.2849
-0.2849
-0.2849
-0.2849
-0.2849
-0.2849
-0.5643
-0.2849
-0.2625
-0.2849
-0.2849
-0.2625
-0.5558
-0.2849
2.7992
5.1665
-0.5814
-0.9872
-1.3674
-0.5814
-1.6036
-1.2646
-2.2309
2.7332
-0.2907
2.8445
-1.5025
1.7427
1.5475
1.7427
1.2001
-0.0357
-0.7197
-1.3831
-0.9635
-0.5814
2.5373
-0.4191
-0.9872
1.5719
-0.4058
5.0700
14.8684
0.6187
-0.1270
-0.7722
3.8835
-0.3222
1.1790
-2.0388
-2.0388
-2.0388
1.1196
-1.2633
-1.3604
-0.7718
-0.4324
-0.4077
0.7716
-0.8693
-0.8693
1.7752
-1.9809
-0.8693
-0.8693
-1.9809
-1.7601
-1.2633
1.8833
2.9261
-0.7356
-1.0138
-1.2646
-0.8676
-1.2904
1.5059
-2.0536
-2.1845
-2.9719
-1.1401
-4.3967
-3.3403
2.6020
1.9184
1.7583
2.5457
-0.6273
-1.4901
-0.6273
-0.8628
-1.4901
-0.1420
5.0719
0.1662
0.8689
-0.5217
1.7583
0.0305
-0.6821
2.5457
-0.6273
-1.5057
-0.6273
-2.4719
-1.1930
-0.6416
-0.6416
-0.6273
-0.7608
2.5457
-0.6832
-1.1651
-1.3616
-2.7952
0.8799
2.5457
-2.1470
-0.8784
-0.8784
-0.8784
-1.6658
-0.5800
-1.3616
1.7583
2.2683
-0.8628
-0.6273
-1.1063
2.2683
2.2683
-0.7874
-0.8628
-1.4901
-1.4901
-1.4901
2.9639
2.3812
-0.3871
2.6020
1.7236
2.2125
0.8799
0.1662
1.2140
-1.0030
0.1662
4.1935
5.0719
0.8536
1.1722
-1.0637
-0.5949
-0.7065
-1.4939
-0.7065
-0.4688
-0.7065
0.5102
-0.5217
0.8799
2.2683
2.2813
-0.2774
2.9515
2.9515
2.9515
2.9515
2.9515
2.9515
2.5457
0.1662
2.2125
-0.3026
-0.3026
-0.3026
2.2125
-0.3026
3.1479
1.3310
2.8033
-0.7647
-0.7647
-0.7647
-0.7647
-0.7647
-0.7647
-0.7647
-0.7647
-1.1930
-1.5521
-1.2945
0.9920
0.9920
0.7455
-1.0421
-0.7874
1.7462
2.9515
-1.9162
-1.1033
-0.8759
-0.8759
-1.0973
-1.1490
2.7119
2.5457
-1.1219
-1.1545
-1.6233
2.9515
0.2038
-3.1360
-2.8875
-1.5004
-2.1121
2.2683
-1.2493
1.7995
2.2683
-1.4901
2.7495
0.1707
2.9515
-0.7272
-0.3940
-0.3940
2.5457
-1.9486
-0.4688
2.9515
1.1722
2.7495
2.2683
2.7495
2.2683
-0.6220
-1.5004
-1.9536
-1.9536
-0.6220
-1.0908
-1.9847
-0.7129
-1.8623
-0.9839
2.9515
2.9515
-0.8784
-0.4058
2.6398
-0.0180
2.2683
-1.1554
1.1722
2.7119
2.2683
2.0769
2.2683
2.2683
2.5457
2.2683
3.1553
2.2683
3.1553
3.6175
4.6902
1.6636
-0.4058
-0.4058
-0.2917
-0.4813
5.6695
2.2683
-0.4058
0.9770
-0.1112
-1.0629
-1.1355
-0.1112
-1.0629
-0.5800
-0.7825
-0.7825
-0.7825
1.7995
-0.7825
-0.2608
-0.7825
1.2576
1.9626
1.9626
-0.4058
0.7006
0.2532
-0.5217
-0.5094
-1.6055
-2.4896
1.6410
-1.1219
0.7687
-0.4688
-0.4688
-1.0456
-0.4058
-1.1932
2.2390
2.8663
-1.3616
-1.3616
-1.9626
-2.0965
-0.3598
-0.6273
1.9184
2.1333
-0.4058
-3.6130
-0.6686
-2.2823
-2.2823
-2.2823
1.1316
1.7583
2.5457
2.5762
2.7495
2.7495
1.9621
-0.4058
2.2150
2.2150
-0.7458
-2.2980
-1.7602
-2.2980
-2.2980
-0.7458
-1.5645
-1.7169
-1.1329
-1.2724
-2.0598
-1.3731
-1.9470
2.5457
2.5457
2.5457
1.7583
2.0769
-1.6885
2.5457
5.3388
2.4827
2.6979
-0.4058
2.3163
0.0305
0.0305
-2.5678
-3.4462
-2.7279
2.1038
-0.8216
-1.3199
-1.3199
2.9515
-1.9405
-0.8784
0.1662
-0.4813
-1.6985
-1.3441
-0.7805
-2.1315
-0.7805
-0.4813
-0.4813
-1.0311
0.8259
0.8259
0.3042
0.4454
0.5375
0.5375
-0.7244
-0.7244
-1.1932
-0.7244
2.2390
2.2390
1.1081
2.5457
1.6002
-3.1667
2.3876
-1.6431
1.6002
2.3876
-0.8978
5.6065
2.2683
2.2683
2.2683
2.5457
1.6158
2.5457
1.9188
1.5780
2.2683
2.8842
2.4711
5.6695
2.5457
1.6410
-1.8738
-1.2642
-0.9954
-0.2890
2.2567
2.2567
2.3962
4.1793
2.1641
2.5457
3.4212
1.6837
-0.9676
2.6270
-1.6268
-0.5266
-0.5266
7.5285
6.6314
6.2256
6.6314
6.6314
2.9515
-0.5800
-0.1112
-0.6329
6.6314
-0.6273
2.0453
0.1662
-0.1112
-0.5217
-0.5266
-0.5266
-1.0970
-1.1880
3.2721
3.2721
3.2721
3.2721
-1.6268
-2.2541
-1.6360
-2.7229
-0.5266
1.3983
-0.5266
2.7455
0.1707
0.1707
0.1707
0.1707
1.7528
0.1707
0.1707
0.1707
0.1707
-0.4058
-0.5266
-0.5266
-0.5266
-0.4058
-0.6966
-0.6966
0.1662
-0.7122
-0.3082
-0.3082
0.5732
-1.8177
-1.4484
-1.5403
-1.8177
-1.5403
2.7495
0.0305
0.0305
-1.3167
-0.6059
-1.2945
-0.7244
0.1662
-0.7244
-1.8572
-0.7244
2.5457
-0.4058
-1.2292
-1.2292
-2.1137
-2.1137
-2.1137
-2.1137
2.5457
-1.0331
-1.0331
1.0988
-1.8154
-1.8134
-1.0730
-0.7674
-0.9608
2.2683
-1.1442
-3.4264
2.9515
-0.5800
-0.5800
-0.1112
-0.1112
-0.5800
-0.5800
2.0023
-0.5800
-0.8986
-2.3161
-3.1035
-2.3161
-2.3161
-3.2319
-1.4377
1.0063
-0.4058
-1.2842
3.1238
-1.1367
-1.6055
-0.0180
2.2390
-0.5094
-1.3409
-1.3409
-1.3409
-0.9811
-2.5507
-0.5217
2.8403
2.4345
-1.1248
-0.6184
2.4345
1.9619
2.3285
2.3285
-2.4055
-1.1248
2.4345
2.9515
1.5821
4.6202
-0.9676
-1.1367
-1.1367
-0.6273
-1.1367
-1.4895
-2.3523
-2.3523
-2.3523
1.3350
2.5457
2.5457
1.7583
1.1985
2.5457
-0.3693
-1.8169
-1.3735
-0.7947
-0.4688
1.4417
-1.9175
2.4827
-1.1219
-2.2833
-0.4813
-1.1219
2.2683
0.2952
-0.1112
-0.1112
3.7907
-0.8238
3.8274
-0.4270
2.1187
-2.0772
-2.9556
-0.4270
-0.2928
-0.4058
-1.4295
1.5877
1.9184
1.9184
-2.8254
2.6020
3.1238
2.6020
2.6020
0.1456
3.3321
2.5457
2.5457
0.8799
-0.4287
2.9515
-1.1248
-1.2945
1.7583
2.5457
1.6673
-0.3949
1.0461
1.2857
0.8799
1.6673
3.7907
0.6622
3.3219
2.8663
1.1985
1.9105
2.5457
-1.2945
-0.8784
-0.8784
-1.9429
-1.4741
-0.8784
-1.6658
-0.6273
-1.7412
2.0731
-0.5286
1.6167
-0.1109
-0.0180
1.3899
-0.5286
-0.3082
0.1662
3.0154
-0.3527
-0.5286
-0.2713
-1.0456
2.5245
-0.8958
-1.3008
-1.6950
-0.9676
1.4409
-1.6268
-1.2945
3.1659
2.5457
-0.2913
-2.0032
-1.1051
-0.1496
-1.6268
-0.9676
-1.6268
-0.9676
-0.5548
-0.6660
-0.5548
-1.1348
-1.0258
-2.0637
3.1553
0.1662
-0.6562
-2.0697
-0.7122
-0.1496
2.5457
2.7601
2.2913
-0.3082
2.7601
-1.2897
-0.8209
-0.8209
-1.5038
-1.4901
2.0772
2.5457
1.7583
2.5457
2.5457
0.2580
2.4827
-2.9777
2.5457
2.5457
-0.1581
-1.6658
2.5457
-1.9218
-0.4058
2.5457
1.7583
-1.9218
-1.9218
-2.3906
-0.1496
-1.9218
2.5917
-0.4688
-0.4688
-1.2897
4.1520
2.5457
2.5457
2.5457
-1.0429
2.5457
0.1268
-0.1496
-2.5826
-0.1496
4.0480
-0.1496
2.9515
-1.9093
1.7583
-1.9543
0.2580
-1.6268
2.5707
-1.3008
2.7119
1.0461
2.0769
-0.2975
-1.9845
-0.5266
-0.5266
-0.5266
1.1316
3.8486
1.9621
-0.4058
-0.4058
-0.4055
-1.2839
-0.4055
-0.4055
-0.5094
-2.1125
-0.4055
-0.4055
-2.2005
-0.5266
-2.5257
-0.8622
-0.8622
0.2952
-0.8599
2.5457
2.5457
-0.8179
-2.0956
-0.8179
-0.8179
-0.8179
-0.3395
-0.8179
-1.6268
2.6952
3.1553
3.1553
-0.5094
-2.4244
3.1553
-0.5094
-2.1733
3.1553
-0.5094
-1.9206
2.5762
-1.7250
-1.7250
0.6628
1.1316
-0.4688
0.6628
-1.1911
2.2109
-0.2774
2.3705
-0.4270
-0.6645
-0.6645
-0.6645
-1.0456
-0.3269
-0.3269
-0.5217
2.0537
-1.3868
-0.2913
2.5707
2.3975
-1.3008
2.2053
-1.3195
-2.1069
-1.0675
0.1707
0.1707
-2.7543
2.0769
-2.9784
-3.1674
-1.4727
3.4427
-1.1931
3.4427
-1.7177
-0.5094
-0.5094
-0.3013
-0.3768
-0.3598
1.7583
-1.8205
-2.7664
0.4978
-1.9115
-0.9088
-1.8834
1.7702
-0.4058
-0.4058
2.2988
-0.4058
-0.4058
-1.8802
-1.0018
-1.0018
1.7583
-1.1797
1.6673
1.7483
1.2266
1.0461
-0.5094
2.7601
-1.1367
-1.1367
-1.6055
-1.1367
-1.0393
-0.5516
-1.9017
-0.4813
-1.4695
-0.6821
1.1316
0.6628
-1.4695
-0.6821
1.1316
1.1316
2.9515
6.6314
1.1316
-0.5094
-1.0942
-0.4383
-1.0942
-0.5094
1.0488
-0.5094
-1.8816
-1.7215
-1.7215
-0.0896
2.2150
-2.1903
-0.2689
-2.1903
-0.7868
-0.7868
-2.5549
-1.3094
1.1316
-1.3735
1.1316
-2.0605
1.1316
-0.5094
-0.6273
-1.4695
-0.6966
-0.6821
-0.5094
-0.6821
-1.6913
-0.6821
-0.6821
-1.9349
-0.4383
-0.7569
0.0305
2.9515
-2.8002
2.1641
-1.6658
-2.1997
-2.2827
-1.4001
-1.9849
-1.9331
-0.4058
-0.4058
-0.6832
-0.6832
-0.6832
0.4995
-0.8486
-0.8486
-2.0137
-1.8304
-0.9676
1.4516
-0.8486
-0.4788
-0.4788
-1.8304
-1.8304
-0.1979
-0.4788
-0.9476
-0.4788
-1.2880
-1.5654
-1.2880
-1.6620
-0.0452
-0.5623
-0.6789
-1.3616
-1.3616
-1.3616
-1.6885
-1.9668
-1.5209
-1.6885
-1.5209
-1.3616
-0.1984
-1.3616
-1.2426
-0.7244
-0.7244
2.4542
2.4542
-2.2706
1.5177
-1.6885
-1.6885
-1.9668
-1.6885
-1.6885
-1.9668
2.9515
-0.8399
-0.5949
-0.5949
0.1972
1.8755
2.9515
1.8755
-0.8784
2.7601
-1.3472
5.3388
-0.3598
-1.3616
-1.3616
-1.9668
-1.3616
-1.4513
-1.3616
-1.3616
-1.3616
-1.6885
-1.3616
-1.3616
-1.3616
-1.3616
-0.8399
-1.3616
-1.0456
-1.3616
-2.4945
3.7524
-1.6238
-1.6885
6.2374
7.1921
-2.7670
-0.8628
-0.7866
3.1024
-1.0972
3.5712
3.1024
1.9245
1.9245
2.7119
-1.7469
-0.9088
2.7367
1.6666
3.1037
-0.2849
1.8161
1.1316
3.9821
-1.4147
-0.6273
-0.1112
-0.3753
1.8745
2.7529
-1.6268
-1.1490
-2.1877
1.3310
2.9515
2.1354
-0.0194
-0.2849
-0.2849
-0.2849
-1.0723
-0.5643
-0.6720
-0.2849
-0.2849
-0.2849
-1.2157
-1.6268
-0.5266
1.1722
3.4155
2.5457
2.5457
-3.2926
-1.1612
-1.1490
-1.9486
-0.4058
1.7589
-3.0434
0.2952
-1.4706
-2.5947
-2.5947
-2.5947
2.9515
-1.3054
-0.6965
-0.1941
-0.6809
2.0769
-2.3906
-1.7633
2.5457
2.5457
2.0769
-0.4270
-0.4270
-0.8815
2.8663
2.5457
-0.4058
2.2849
-0.5094
2.2683
-2.0208
-3.1364
-0.0317
2.4827
2.4827
1.8873
-0.6326
-0.6326
-0.1109
1.6724
-0.6326
-0.9501
1.6673
-0.1496
-0.1496
-1.1711
-1.1711
-1.2562
-2.1315
-2.7394
-2.1564
-2.7770
-3.6554
-2.4996
1.0089
-0.5949
-0.5949
-0.5217
2.7119
2.7119
-0.9248
2.7455
2.7455
2.7455
2.7455
-1.1930
-1.4078
-0.9599
-0.4592
-1.1219
-0.9599
4.8821
-1.9240
2.5457
-0.4813
-1.2687
-1.3441
-0.4813
-2.9967
-0.4813
-0.4813
-2.4347
-2.4347
0.2114
-1.9847
-2.4545
-0.8043
-3.3329
0.8799
-3.3329
-3.3329
-3.3131
2.6846
-2.0003
2.2390
-2.1997
-0.9676
-1.1367
2.5457
-1.9757
2.7119
2.5457
0.7154
1.1745
2.7119
3.1177
2.7119
-0.7122
2.1641
-1.7774
-1.5050
-2.7139
-0.5094
2.5457
2.9515
2.0731
1.3562
2.5457
1.7957
1.7583
2.5457
-0.9676
-0.9782
1.1316
0.2532
1.8335
2.5457
-0.2890
-0.8549
-0.4058
-1.2592
1.7995
-0.3871
3.5763
2.0769
0.4111
0.8799
2.0153
-0.7244
-0.3940
2.1354
-1.5728
-0.1496
-0.1496
2.0769
-2.1573
-1.1367
-1.1367
0.8799
1.2438
0.8799
0.8063
-1.8210
1.7462
-0.9811
-0.8399
-2.7229
-0.8399
-0.4058
-1.2426
-0.4270
-0.1496
-0.1496
-0.1496
-0.1496
3.8486
2.5457
-0.6273
1.7583
1.1316
1.1316
1.1316
2.2683
1.1316
2.6208
-0.2108
0.2580
2.6020
1.3899
1.0964
1.5652
-3.5325
-1.0039
0.5750
0.0305
1.7583
2.7495
2.4827
-0.5217
2.4827
2.5457
2.5457
2.9515
-0.8628
2.5457
2.5457
2.2291
2.5457
2.0769
-0.4058
2.5457
-0.9157
2.2913
-1.6079
-0.7244
-1.7290
0.6025
2.1641
-1.1897
-2.4266
-1.6392
-0.4813
-1.0842
-1.6059
-0.7244
-0.7244
-0.7244
-1.0842
-0.7244
2.9515
-1.5530
2.9515
-1.7460
-1.0842
-1.5758
0.8799
-0.6273
2.9515
1.9105
-1.5160
-1.5160
-0.7708
2.5457
1.6673
2.1641
3.7511
0.0305
-0.9737
0.0305
0.0305
-1.3845
2.2683
3.3697
-2.2165
1.3196
-0.4058
2.7343
1.3899
-0.4688
1.0753
1.0753
2.5457
-0.2787
-3.2823
-1.4214
-2.6637
2.5457
-2.3451
2.5457
-0.4058
2.9515
2.3285
2.0769
-0.0763
1.4360
2.8403
1.7583
2.5457
3.1238
-1.3676
-0.8628
-2.0118
2.9515
-1.8225
2.5457
1.8554
2.7495
2.7495
-1.6280
-0.6273
-1.2945
1.8335
-1.1367
-1.1367
-1.4759
0.8799
0.8799
2.5457
-1.1932
-0.4813
-1.1219
-1.1219
-1.6671
1.9657
-0.5266
-0.5266
2.9515
-0.5266
-0.5266
2.4542
2.4542
1.8269
-0.5217
-0.5217
1.4461
2.4542
2.4542
2.4542
2.7455
2.7455
2.7455
2.5457
2.7455
-2.5430
-3.3690
-0.6645
-0.4794
-0.4794
-2.3467
-0.4794
-0.4794
-0.4794
-0.4794
-0.4794
-0.4794
2.4345
-1.1367
-0.8486
2.9515
2.2683
2.2683
-0.4688
-2.0208
-1.8082
-2.2031
2.5457
0.8799
1.7583
1.7583
2.1741
2.7495
1.7925
0.8799
-1.4270
2.1649
-1.5758
2.2683
-1.5758
-0.8217
0.1662
-0.4813
-0.1697
-0.1697
-0.6273
-1.4706
1.1379
-1.7363
2.0769
-0.1067
-0.7077
0.4454
1.6978
2.8326
1.5374
2.1647
-3.3164
-0.7484
-0.1112
-0.7484
-1.4295
-1.1367
2.9515
0.8799
2.2291
1.8671
-1.6885
1.8671
5.6695
2.2683
-0.5266
-0.2805
2.3403
2.5457
2.2789
2.6020
-0.4765
1.7583
2.9515
-1.7827
-1.1367
-1.1367
-2.4839
-1.9531
-1.1174
-1.7770
2.2379
2.6979
-3.0274
-0.1112
2.7119
-1.6502
-0.7122
2.5457
-0.4688
-1.9486
2.2807
-0.2774
2.7455
1.9274
-0.0180
-0.6453
-0.8054
0.8448
0.2175
2.4542
2.4542
2.4542
-1.3274
-0.4058
-0.5217
-1.9528
0.1662
-0.4611
2.5457
2.5457
2.5457
-2.0208
-3.1749
-3.1749
-3.1385
-0.8682
-1.6556
-0.8682
-1.6277
-1.6277
-1.6277
-0.8723
1.2404
-1.3909
-2.9171
-1.0296
2.9062
2.8409
2.4827
-1.1367
0.2371
-1.1367
1.3059
3.2456
2.2390
2.2390
2.1868
0.8799
-2.5061
-2.0283
-0.5217
-1.1367
-0.5094
2.2431
-1.5828
2.4345
2.7119
1.3809
1.8497
2.1271
2.0846
-0.9808
-1.9659
-1.9659
-0.9808
-0.1420
1.9184
0.1662
-0.1420
-0.9299
0.1662
-0.3026
-0.1420
2.0731
-1.6885
-0.5442
-0.9808
-1.7305
-0.1331
-0.9808
-0.9808
-0.4688
-0.8486
-0.2608
-1.1554
-0.2774
-0.3510
-0.9808
-0.5266
-0.8486
-1.3616
-1.2144
2.6020
2.1332
1.8146
3.1627
-0.4813
0.1662
0.1662
0.1662
-0.6601
-1.6096
-0.0303
-0.9331
-2.6208
-0.4946
-0.8100
-1.1193
0.2261
-1.4380
-0.6269
-1.6728
-1.8972
1.9105
-1.3028
-1.4936
2.7495
3.1553
2.5280
-1.9499
5.3472
3.1024
0.8799
0.8063
-0.5217
2.2683
-0.3082
1.4809
-0.8815
5.7548
-0.8815
-0.2849
-0.2849
-0.2849
-0.2849
-0.2849
2.8663
-1.1627
2.2683
-0.2849
-0.2849
-0.1246
-1.4660
-0.8628
-2.1729
2.7495
-0.5094
-0.5636
-1.2831
-1.7290
-0.3940
0.6628
0.6628
-0.8746
-0.5266
2.2468
0.8746
-0.9676
3.1659
-1.1443
0.1119
0.1119
0.1119
-1.6658
-1.9503
-0.5286
-0.5286
0.8195
-0.5286
-0.5286
-0.5286
-0.5286
-1.1559
-0.5286
-0.5286
-0.5286
2.5457
1.7583
2.5457
2.9515
-0.9053
2.7495
2.6105
-2.5052
-1.1367
2.9515
1.4496
-0.2162
2.5457
2.5457
-1.1490
2.9515
0.6137
1.7948
-1.2537
2.0769
1.4496
2.0769
-0.2849
-1.1472
-0.2849
-0.2849
-0.2849
-0.2849
-0.2849
-0.2849
-0.5643
-0.2849
-1.1477
-0.2849
-0.2849
-1.1477
-0.8486
-0.2849
-0.7122
-2.5417
2.9515
2.5457
-1.6268
2.9515
-1.1554
2.2683
-1.7827
1.0461
-0.9740
-1.0456
2.6865
-0.4788
-1.0005
-0.4788
-1.1520
0.1662
2.6020
5.8839
-1.0881
2.9515
-2.2923
-0.2172
2.5457
-1.3823
-0.4058
-0.4504
-3.3340
1.7995
-0.8864
0.8448
-2.1682
-1.4081
-1.4488
-2.2982
-2.2982
-2.2982
2.4310
-1.5898
6.2256
-2.2250
0.2038
-1.8609
2.3415
-1.1958
-1.1958
0.0881
1.7539
-1.1958
-1.1958
1.7539
-2.8126
-1.5898
-0.4688
0.7376
1.8514
3.1553
2.2683
-2.4057
2.6907
-1.1219
