COL_LABELS	DB_ID	ANNOTATION	-1	1	-2	2	-3	3	-4	4	-5	5	-6	6	-7	7	-8	8	-9	9	-10	10	-11	11	-12	12	-13	-14	-15	-16	-17	-18	-19	-20	-21	-22	-23	-24	-25	-26	27	-27	-28	28	29	-29	-30	-31	-32	32	-33	33	34	-34	-35	35	36	-36	-37	-38	-39	39	-40	40
COL_CLASSES			0	1	0	1	0	1	0	1	0	1	0	1	0	1	0	1	0	1	0	1	0	1	0	1	0	0	0	0	0	0	0	0	0	0	0	0	0	0	1	0	0	1	1	0	0	0	0	1	0	1	1	0	0	1	1	0	0	0	0	1	0	1
Hsa.3004	H55933	H.sapiens mRNA for homologue to yeast ribosomal protein L41.	3.86	3.58	3.54	3.70	3.08	3.17	3.75	3.23	3.72	3.11	3.65	3.87	3.21	3.58	3.10	3.87	4.31	3.97	3.69	3.47	3.49	3.23	3.69	3.73	3.61	3.59	3.56	3.46	3.53	3.57	3.19	3.42	3.77	3.34	3.39	3.34	3.02	3.33	3.07	3.74	3.42	3.12	3.31	3.57	2.92	3.48	2.77	3.00	3.54	3.36	3.53	3.51	3.67	2.76	3.39	3.22	3.31	3.82	3.71	3.38	3.60	3.54
Hsa.13491	R39465	EUKARYOTIC INITIATION FACTOR 4A (Oryctolagus cuniculus)	3.41	3.27	4.14	3.92	3.22	2.92	3.11	2.99	3.44	3.01	2.12	3.34	3.36	3.53	3.16	3.43	3.08	3.56	3.36	2.54	3.35	3.18	3.04	3.83	3.12	3.13	3.12	3.46	3.19	3.03	3.22	2.13	2.66	3.50	2.97	2.97	3.64	2.78	3.40	3.23	3.82	2.95	2.14	2.11	2.57	2.11	2.54	2.57	3.01	3.07	3.16	3.17	3.49	2.94	2.86	2.78	3.60	3.65	3.42	2.72	3.15	2.82
Hsa.13491	R39465	EUKARYOTIC INITIATION FACTOR 4A (Oryctolagus cuniculus)	3.16	2.95	3.88	3.65	3.13	2.70	3.09	2.89	3.04	2.65	1.80	3.01	3.28	3.38	2.96	3.10	2.83	3.24	3.22	2.23	3.10	2.95	2.73	3.55	3.01	3.07	3.03	3.33	2.99	2.76	3.08	2.04	2.53	3.32	2.84	2.91	3.37	2.70	3.19	3.05	3.73	2.71	1.95	2.01	2.50	2.01	2.33	2.45	2.67	2.84	3.01	3.04	3.51	2.85	2.52	2.47	3.37	3.52	3.29	2.42	2.90	2.53
Hsa.37254	R85482	SERUM RESPONSE FACTOR 	3.11	2.68	3.75	3.24	3.15	3.37	3.67	3.32	3.74	3.36	3.37	3.39	2.92	3.02	2.68	3.08	3.29	3.25	3.50	3.63	3.04	2.68	2.82	3.25	2.76	2.82	2.72	2.78	3.02	2.94	2.85	2.96	3.08	2.71	2.83	2.33	3.30	2.30	2.09	2.70	2.39	2.67	2.57	2.58	2.26	2.56	2.13	2.11	2.60	2.62	2.76	2.34	2.53	2.48	2.69	2.67	3.10	2.67	2.65	2.44	2.92	2.78
Hsa.541	U14973	"Human ribosomal protein S29  "	2.40	2.07	2.36	2.56	2.69	2.84	2.68	2.46	3.16	2.42	2.73	2.47	2.87	3.06	2.65	3.93	3.57	3.51	2.91	2.84	1.92	1.79	3.73	3.82	2.79	2.26	2.24	2.46	1.87	2.14	2.48	2.47	2.90	2.44	2.16	2.99	1.71	3.23	2.46	2.91	2.71	2.17	1.87	2.45	1.81	2.45	2.28	1.74	1.96	2.78	2.76	3.15	3.07	2.44	2.02	2.44	2.78	2.67	3.08	1.94	2.35	2.41
Hsa.20836	R02593	60S ACIDIC RIBOSOMAL PROTEIN P1 (Polyorchis penicillatus)	3.38	3.09	2.65	2.62	2.98	2.77	3.11	2.88	1.93	3.14	2.62	2.80	3.01	3.41	3.00	4.19	3.42	2.69	2.28	2.70	3.43	3.11	3.76	3.16	3.24	3.09	3.22	3.16	3.26	3.20	3.13	2.81	3.61	2.94	3.07	2.65	3.06	3.17	3.36	3.56	2.88	1.97	2.77	2.53	3.06	2.40	2.85	2.16	3.10	3.36	3.58	2.94	3.17	2.55	2.30	2.77	2.80	3.46	3.92	2.95	3.14	3.29
Hsa.1977	T51496	60S RIBOSOMAL PROTEIN L37A .	2.49	2.72	2.48	2.29	2.64	2.51	2.75	2.19	2.17	2.98	3.25	2.44	3.07	3.24	2.36	3.68	3.56	2.65	2.07	2.73	2.61	2.70	3.63	3.30	2.90	3.06	3.11	3.05	3.20	2.90	2.73	3.00	3.14	2.54	2.50	2.58	2.86	3.29	2.85	3.06	2.42	1.95	2.46	2.38	2.67	2.42	2.67	2.45	2.84	3.01	2.93	2.52	2.48	2.20	2.67	2.69	2.47	2.97	3.34	2.81	2.47	2.59
Hsa.44472	H80240	INTER-ALPHA-TRYPSIN INHIBITOR COMPLEX COMPONENT II PRECURSOR 	2.73	2.40	2.59	2.40	2.99	3.15	2.50	3.06	2.32	2.64	2.35	2.18	3.08	3.15	2.70	2.45	3.41	3.64	3.08	3.06	2.72	2.45	3.49	3.72	3.11	2.14	2.06	2.53	1.79	2.04	2.33	2.32	2.77	2.80	2.26	2.96	2.40	2.92	2.50	2.45	2.61	2.53	2.10	2.41	1.85	2.54	2.47	2.04	1.77	2.48	2.58	2.83	2.90	2.50	2.25	2.32	2.56	2.65	2.96	1.50	2.11	2.29
Hsa.3087	T65938	TRANSLATIONALLY CONTROLLED TUMOR PROTEIN ;.	3.73	3.32	3.39	3.22	3.11	2.77	3.64	3.31	3.42	2.95	3.60	3.52	2.80	3.01	2.86	3.24	4.26	3.75	3.59	2.95	3.13	3.22	3.04	3.25	3.06	3.10	3.22	3.12	3.10	3.25	2.98	3.24	3.28	2.83	3.09	2.91	3.15	2.88	2.17	3.22	2.97	2.68	1.80	3.14	2.55	2.61	2.22	2.31	3.04	3.07	3.03	3.09	3.14	2.16	2.83	1.71	2.84	2.86	3.03	2.73	2.84	2.86
Hsa.1447	T55131	"GLYCERALDEHYDE 3-PHOSPHATE DEHYDROGENASE, LIVER ."	3.24	2.94	3.23	3.47	3.05	2.52	3.13	2.96	3.31	2.66	2.14	3.06	2.76	3.13	2.97	4.00	2.85	2.81	3.02	2.51	3.68	2.84	3.19	3.05	3.05	2.68	2.90	3.09	3.04	2.87	3.53	1.83	2.17	2.79	3.03	2.58	2.92	2.96	3.11	2.97	3.63	2.35	2.26	2.26	2.34	2.16	2.40	2.32	2.34	2.96	3.15	2.67	3.61	2.83	2.76	2.61	3.23	3.48	3.27	2.65	2.54	2.52
Hsa.750	T72863	FERRITIN LIGHT CHAIN ;.	2.67	1.88	3.09	2.41	2.91	3.08	2.19	3.59	3.56	2.79	2.86	2.71	2.79	3.17	3.16	3.83	4.15	3.03	3.09	3.00	2.30	2.13	4.26	3.25	2.93	2.14	1.77	2.79	2.10	2.00	3.11	2.84	3.17	3.07	2.69	2.72	2.40	2.99	2.53	2.61	2.95	2.33	1.56	2.38	2.04	2.51	2.82	1.71	1.88	2.43	1.62	2.68	2.68	2.49	2.46	2.62	3.00	2.56	3.38	1.47	2.45	2.72
Hsa.45293	H86060	NEGATIVE FACTOR (Simian immunodeficiency virus)	2.13	1.95	2.60	2.13	2.85	3.02	2.25	2.64	2.19	2.56	2.31	2.07	2.67	2.73	2.46	2.23	3.33	3.52	3.01	3.04	2.15	1.91	3.24	3.57	2.83	1.97	1.76	2.28	1.78	1.93	2.09	2.28	2.60	2.53	2.02	2.75	2.37	2.73	2.12	2.16	2.45	2.29	1.76	2.10	1.61	2.20	2.09	1.78	1.68	2.34	2.38	2.49	2.68	2.21	2.20	2.12	2.52	2.48	2.63	1.72	2.05	2.03
Hsa.2555	X63432	H.sapiens ACTB mRNA for mutant beta-actin (beta'-actin).	1.97	2.70	2.48	2.13	3.06	2.98	2.18	2.76	1.84	3.63	3.02	2.79	2.68	2.83	2.17	2.78	2.79	3.33	2.26	3.49	2.37	2.99	3.20	3.95	2.28	2.61	2.76	2.40	2.71	2.61	2.35	3.07	2.55	2.58	2.22	2.23	2.74	2.57	2.77	2.29	2.10	2.17	2.55	2.45	2.68	2.09	2.62	2.97	2.75	2.93	2.19	1.89	2.07	1.95	2.38	2.54	2.81	2.10	2.41	2.72	2.06	2.47
Hsa.467	H20709	"MYOSIN LIGHT CHAIN ALKALI, SMOOTH-MUSCLE ISOFORM ;."	1.88	2.66	2.04	2.45	2.74	3.49	2.09	3.12	2.69	3.19	2.25	3.02	2.67	3.14	2.45	3.05	2.60	3.28	2.78	3.62	1.79	2.16	3.18	3.43	2.79	1.93	1.97	2.34	1.82	1.99	2.30	2.59	2.91	2.48	2.23	2.67	1.61	2.81	3.04	2.47	2.70	2.82	2.84	2.59	2.28	2.74	2.48	2.70	2.51	3.18	2.68	3.12	2.81	3.00	2.28	3.04	2.87	2.16	2.74	2.47	2.01	2.85
Hsa.539	U14971	"Human ribosomal protein S9  "	2.59	2.01	1.98	2.33	2.86	3.01	2.52	2.35	3.16	2.47	2.67	2.53	2.71	2.96	2.72	3.51	3.78	2.99	3.14	3.05	2.14	1.88	3.97	3.30	3.30	2.24	2.35	2.75	2.19	2.47	2.42	2.55	3.20	2.78	2.42	2.93	2.32	3.14	2.55	2.92	2.66	2.28	2.18	2.59	1.99	2.70	2.64	1.87	1.97	2.33	2.22	3.03	2.89	2.44	1.58	2.46	2.44	2.85	3.12	1.28	2.34	2.60
Hsa.2357	T52342	Human tra1 mRNA for human homologue of murine tumor rejection antigen gp96.	2.86	3.12	3.38	3.12	3.03	3.25	2.90	3.37	1.92	3.22	3.09	2.42	2.96	3.51	3.09	3.16	2.97	3.86	2.79	3.40	3.25	3.46	3.37	2.80	3.25	2.71	2.88	2.95	3.03	3.04	2.60	2.83	2.97	2.77	2.64	2.54	2.95	2.65	3.24	2.76	2.55	2.79	2.92	2.93	3.04	2.68	2.94	2.97	2.95	3.22	3.11	2.51	2.59	3.04	2.90	2.75	2.81	2.69	3.11	2.98	2.65	2.83
Hsa.474	L28809	"Homo sapiens dbpB-like protein  "	2.62	2.02	1.96	2.07	2.24	2.65	2.06	2.47	3.03	2.05	2.53	2.23	2.38	2.87	2.47	2.53	2.82	2.70	3.05	2.65	2.57	2.01	3.42	2.79	2.67	2.24	1.67	2.50	2.20	1.91	2.38	2.58	2.89	2.48	2.80	3.12	1.76	3.26	2.79	2.76	2.47	2.08	2.46	2.35	2.06	2.76	2.74	1.92	2.25	3.08	2.77	3.24	2.96	2.48	2.56	2.67	2.55	2.58	3.40	2.16	2.72	2.72
Hsa.749	T63508	FERRITIN HEAVY CHAIN ;.	1.98	2.08	2.68	2.33	2.68	2.71	2.16	2.99	2.27	2.57	2.37	2.27	2.16	2.79	2.35	2.88	2.78	3.48	2.91	3.25	2.27	1.87	3.20	3.30	2.44	1.61	1.49	2.03	1.34	1.71	2.36	2.22	2.41	2.45	2.57	2.84	1.63	2.56	2.36	2.02	2.22	2.10	2.12	2.43	1.89	2.27	2.23	1.98	1.65	2.75	1.52	2.09	2.64	2.43	2.23	2.40	2.41	2.06	2.81	1.81	1.92	2.29
Hsa.24464	H09263	ELONGATION FACTOR 1-ALPHA 1 	1.96	2.18	2.27	2.00	2.34	2.21	2.48	2.32	1.56	2.77	2.93	2.33	2.67	2.82	2.16	2.68	2.66	2.18	1.86	2.39	2.26	2.55	3.52	2.75	2.58	2.56	2.92	2.61	2.95	2.88	2.54	2.53	2.90	2.14	2.30	2.41	2.20	2.84	2.61	2.89	1.92	1.32	2.03	2.19	2.29	1.85	2.20	2.02	2.19	2.71	2.56	2.13	2.00	1.68	2.27	2.13	2.15	2.43	2.77	2.38	2.23	2.38
Hsa.2597	T49423	BREAST BASIC CONSERVED PROTEIN 1 .	2.35	2.28	2.21	2.00	2.91	2.44	2.58	1.98	1.85	2.94	3.00	2.52	2.74	2.84	2.52	3.42	3.04	1.99	2.47	2.66	2.43	2.44	3.62	2.90	2.78	2.91	2.86	2.84	3.17	2.98	2.61	2.73	2.87	2.14	2.21	2.17	2.92	2.85	2.86	2.85	2.13	1.62	2.10	2.26	2.36	2.06	2.43	2.05	2.29	2.66	2.95	2.30	2.64	1.70	2.34	2.36	2.49	2.72	2.78	2.27	2.46	2.22
Hsa.3835	H79852	60S ACIDIC RIBOSOMAL PROTEIN P2 (Babesia bovis)	2.97	2.69	2.56	2.84	2.15	2.15	2.96	2.11	3.02	2.45	2.83	3.12	2.12	2.75	2.65	3.51	3.84	3.07	2.86	2.44	2.88	2.35	3.19	2.67	2.47	2.57	2.70	2.58	2.56	2.56	2.18	2.69	3.01	2.07	2.80	2.22	2.50	2.28	2.46	2.93	2.38	2.14	2.64	3.05	2.50	2.61	1.97	1.96	2.70	2.93	2.97	2.97	2.75	1.69	2.40	1.99	2.65	3.22	3.17	2.30	2.80	2.79
Hsa.6080	J02763	"Human calcyclin gene, "	2.60	2.82	1.78	2.83	3.40	3.63	2.97	2.94	3.74	3.22	2.83	2.64	3.14	3.15	3.16	3.73	3.67	3.94	3.48	3.65	2.89	2.54	4.74	3.83	3.42	2.84	2.80	2.68	2.37	2.76	2.52	3.31	3.56	2.98	2.73	3.46	2.60	3.41	3.11	2.91	3.24	2.92	2.68	3.19	2.27	2.92	3.10	2.58	2.53	2.71	3.11	3.43	3.58	2.78	2.85	3.03	2.68	2.68	3.11	2.58	2.95	2.83
Hsa.3002	R22197	60S RIBOSOMAL PROTEIN L32 ;.	3.35	2.79	2.86	3.01	2.62	2.15	2.94	2.03	2.95	2.04	3.26	3.11	2.46	2.96	2.62	3.49	4.02	2.87	3.14	2.40	2.59	2.41	2.59	2.58	2.86	2.89	2.85	2.82	2.79	3.05	2.42	2.81	3.02	2.21	2.63	2.47	2.63	2.84	2.32	3.27	2.60	2.05	2.63	3.10	2.37	2.91	2.47	2.00	2.73	2.79	3.02	2.92	3.10	1.74	2.16	2.06	2.50	3.02	3.01	2.49	2.83	2.71
Hsa.1119	T59954	THYMOSIN BETA-4 ;.	3.06	2.82	2.93	3.31	2.72	2.52	2.43	2.33	3.86	2.65	1.56	2.97	2.70	2.67	2.61	3.54	2.50	2.70	2.67	2.15	3.31	2.65	2.54	2.58	2.62	3.15	2.82	3.01	3.15	1.97	2.96	2.16	2.21	2.87	3.11	2.35	2.52	2.66	2.69	2.52	3.38	2.13	2.03	1.68	2.45	2.12	2.48	2.52	2.13	2.05	2.68	2.58	3.32	2.73	2.28	2.23	3.14	3.01	2.64	2.62	2.34	1.56
Hsa.44472	H80240	INTER-ALPHA-TRYPSIN INHIBITOR COMPLEX COMPONENT II PRECURSOR 	2.30	2.36	2.35	2.04	2.68	2.92	2.23	2.81	2.28	2.52	2.09	1.94	2.91	2.93	2.47	2.13	3.17	3.30	2.77	2.85	2.46	2.15	3.22	3.55	2.74	1.87	1.84	2.12	1.44	1.79	2.01	2.20	2.47	2.44	1.96	2.58	2.06	2.61	1.91	2.11	2.28	2.21	1.52	2.11	1.36	2.25	2.08	1.66	1.18	2.40	2.23	2.58	2.72	2.10	1.93	1.98	2.38	2.39	2.64	1.37	1.69	1.96
Hsa.4689	T95018	40S RIBOSOMAL PROTEIN S18 	2.87	2.40	2.57	2.72	3.12	2.83	2.92	2.40	3.32	2.02	3.18	2.48	3.19	3.23	3.37	3.97	4.06	2.42	3.54	2.58	2.67	2.00	3.91	2.55	3.63	2.71	2.69	3.27	2.63	2.93	2.87	3.00	3.61	2.94	2.94	3.48	2.77	3.81	2.70	3.39	3.26	2.27	2.36	2.81	2.25	3.25	2.74	1.88	2.25	3.11	3.33	3.54	3.44	2.78	2.90	2.50	2.93	3.16	3.71	2.17	2.71	2.74
Hsa.45293	H86060	NEGATIVE FACTOR (Simian immunodeficiency virus)	1.57	1.38	2.04	1.63	2.36	2.48	1.70	2.26	1.73	2.06	1.86	1.64	1.99	2.03	1.99	1.81	2.43	2.69	2.45	2.41	1.45	1.23	2.62	3.00	2.30	1.52	1.24	1.75	0.94	1.37	1.62	1.78	2.07	2.06	1.55	2.29	1.76	2.27	1.61	1.70	1.95	1.75	1.06	1.67	0.87	1.81	1.69	1.11	1.21	1.71	1.50	1.98	2.18	1.65	1.71	1.61	1.87	1.96	2.15	1.04	1.41	1.46
Hsa.5710	T63484	"Human ornithine decarboxylase antizyme (Oaz)  "	1.84	1.75	1.89	1.99	2.55	2.74	2.28	2.78	2.77	2.40	2.54	2.32	2.55	2.48	2.50	2.77	3.16	2.60	2.78	2.73	2.08	1.54	3.09	2.51	2.50	2.13	1.85	2.25	1.86	2.17	2.20	2.46	3.04	2.47	2.31	2.97	1.74	3.25	2.44	2.53	2.54	2.36	2.18	2.46	2.07	2.73	2.59	2.15	1.95	2.65	2.06	2.99	2.59	2.41	2.80	2.82	2.92	2.41	2.93	2.16	2.40	2.68
Hsa.20836	R02593	60S ACIDIC RIBOSOMAL PROTEIN P1 (Polyorchis penicillatus)	2.57	2.42	1.93	1.83	2.36	2.05	2.43	2.10	1.16	2.53	1.94	2.09	2.40	2.77	2.11	3.69	2.69	1.86	1.49	1.97	2.68	2.34	3.12	2.51	2.54	2.51	2.69	2.60	2.69	2.66	2.49	2.14	2.93	2.29	2.35	2.05	2.44	2.61	2.71	2.82	2.07	1.27	2.06	1.83	2.46	1.66	2.16	1.42	2.37	2.74	2.64	2.20	2.42	1.73	1.62	2.08	2.18	2.93	3.32	2.21	2.22	2.60